# Time-averaged data for fix ss
# step strain sxx(GPa) syy(GPa) szz(GPa) eyy ezz pe/atom(eV) T(K)
120 0.00013 0.191197 0.0267516 0.0486596 0.00100906 0.000596746 -4.74857 299.621
240 0.00037 0.223544 -0.00677051 -0.0822625 0.00124399 -0.000141312 -4.74819 302.293
360 0.00061 0.226764 -0.0450866 0.0403333 0.000369426 0.000829978 -4.74773 305.452
480 0.00085 0.328055 0.0762267 0.0364872 0.00110462 0.00037991 -4.74827 302.188
600 0.00109 0.323191 -0.0292365 -0.0516588 0.000725823 -0.000141187 -4.7486 297.16
720 0.00133 0.315415 -0.0569934 -0.00440272 0.000150392 0.00028209 -4.74861 299.984
840 0.00157 0.429915 0.087611 0.0549084 0.00109868 2.58418e-05 -4.74833 303.064
960 0.00181 0.396798 -0.0410085 -0.0663314 0.000335595 -0.000233953 -4.7479 303.572
1080 0.00205 0.433687 -0.0320332 0.0431781 -2.29153e-05 0.000334362 -4.74807 302.209
1200 0.00229 0.466753 0.0704592 0.00284116 0.000532663 -0.00026225 -4.7486 297.761
1320 0.00253 0.464051 -0.0404576 -0.0196649 -0.000120582 -0.000290886 -4.74862 297.392
1440 0.00277 0.493907 -0.0284728 0.00901817 -7.21912e-05 -0.000202839 -4.74824 301.943
1560 0.00301 0.544627 0.0594215 -0.0255359 0.000310206 -0.000501442 -4.74776 304.149
1680 0.00325 0.585343 -0.056225 0.0702846 -0.000609082 0.000137798 -4.7483 300.717
1800 0.00349 0.559699 0.0449508 -0.107655 -3.2879e-05 -0.00104404 -4.74876 296.793
1920 0.00373 0.641496 -0.0571553 0.093742 -0.000931962 0.000194737 -4.74831 298.182
2040 0.00397 0.600557 0.0633524 -0.0812076 -0.000261761 -0.00102007 -4.748 302.911
2160 0.00421 0.680757 -0.0389754 0.0946062 -0.00105877 0.000140319 -4.74797 301.48
2280 0.00445 0.643969 0.0256054 -0.0763063 -0.000481166 -0.00124266 -4.74854 297.027
2400 0.00469 0.753176 0.00441744 0.0250168 -0.000805135 -0.000697396 -4.74888 296.847
2520 0.00493 0.691181 -0.0524307 0.0306279 -0.00163767 -0.000328307 -4.74838 297.365
2640 0.00517 0.829055 0.0600101 -0.0575445 -0.000280344 -0.00134447 -4.748 300.576
2760 0.00541 0.777828 -0.0378672 0.0311734 -0.00157884 -0.000449918 -4.74776 302.379
2880 0.00565 0.845356 0.0191591 0.0243935 -0.00126827 -0.000685396 -4.74792 298.98
3000 0.00589 0.847795 0.00369052 -0.06594 -0.0010882 -0.00147663 -4.74859 296.781
3120 0.00613 0.847609 -0.0348229 0.0539237 -0.00210208 -0.000528162 -4.74821 297.236
3240 0.00637 0.90744 0.0588146 -0.00357551 -0.0012013 -0.00120529 -4.74788 301.456
3360 0.00661 0.914242 -0.0406972 -0.0273993 -0.00198905 -0.00101963 -4.74778 301.32
3480 0.00685 0.936625 -0.0318898 0.039581 -0.00221927 -0.000783127 -4.74796 299.984
3600 0.00709 1.05173 0.0930536 -0.0441403 -0.00106165 -0.0016893 -4.74828 296.059
3720 0.00733 0.941826 -0.112944 0.0225208 -0.00295199 -0.000887135 -4.74845 296.742
3840 0.00757 1.02178 0.0550201 -0.0132069 -0.0019065 -0.00139391 -4.74772 301.199
3960 0.00781 1.04497 0.050582 0.0176141 -0.0018762 -0.00143928 -4.74733 301.338
4080 0.00805 1.02322 -0.0879556 0.0153601 -0.00309188 -0.000976047 -4.74775 301.46
4200 0.00829 1.0974 0.0580844 -0.0660798 -0.0019856 -0.00196071 -4.74817 296.413
4320 0.00853 1.12795 -0.0238562 0.0924445 -0.00303145 -0.000960135 -4.74796 296.403
4440 0.00877 1.10115 -0.0045137 -0.0820953 -0.00265264 -0.0019563 -4.74775 300.255
4560 0.00901 1.22477 0.0359065 0.033884 -0.00264049 -0.00136849 -4.74756 300.318
4680 0.00925 1.15254 -0.0473413 0.0334314 -0.00363134 -0.0011782 -4.74749 300.445
4800 0.00949 1.31445 0.044839 -0.0614884 -0.00225548 -0.00217518 -4.74755 298.987
4920 0.00973 1.17696 -0.0562101 0.00980826 -0.00392057 -0.00141854 -4.74793 297.787
5040 0.00997 1.35982 0.0378626 0.0790914 -0.0030997 -0.00145665 -4.74752 296.659
5160 0.01021 1.28442 0.0167911 -0.135094 -0.00256199 -0.00293156 -4.74718 302.209
5280 0.01045 1.31984 -0.0577665 0.129509 -0.0041105 -0.00100011 -4.7471 301.956
5400 0.01069 1.36498 0.0770001 -0.0658978 -0.00280488 -0.00261662 -4.74742 298.311
5520 0.01093 1.345 -0.0805429 -0.0397585 -0.00416325 -0.00219975 -4.74829 293.662
5640 0.01117 1.43688 0.0401037 0.0906571 -0.0038185 -0.00172018 -4.7481 293.045
5760 0.01141 1.43529 0.0235949 -0.0582044 -0.0036352 -0.00246744 -4.74747 297.347
5880 0.01165 1.4033 -0.0880813 0.00733615 -0.00453473 -0.00201955 -4.74709 301.771
6000 0.01189 1.5525 0.125398 0.0352901 -0.00289972 -0.00252907 -4.74677 301.196
6120 0.01213 1.44965 -0.051629 -0.0454811 -0.00454472 -0.00240875 -4.74725 299.037
6240 0.01237 1.53435 -0.0756506 0.0361061 -0.00465443 -0.00208942 -4.7477 295.588
6360 0.01261 1.60147 0.120648 -0.0528051 -0.00344658 -0.00301408 -4.74734 297.346
6480 0.01285 1.55347 -0.0806517 0.0632819 -0.00530343 -0.00179156 -4.74683 298.475
6600 0.01309 1.64318 0.0159332 -0.0385376 -0.00409176 -0.00294081 -4.7469 301.775
6720 0.01333 1.60868 0.0454472 -0.0186554 -0.00457513 -0.0026557 -4.74672 299.31
6840 0.01357 1.67359 -0.0685594 0.101145 -0.00551723 -0.00178101 -4.74711 296.82
6960 0.01381 1.68493 0.0529246 -0.140387 -0.00413931 -0.00370989 -4.74723 295.872
7080 0.01405 1.71538 -0.00422064 0.124886 -0.00539332 -0.00187693 -4.74666 300.704
7200 0.01429 1.69711 -0.0364848 -0.0518443 -0.00528973 -0.00280757 -4.74636 302.054
7320 0.01453 1.74201 0.0143743 -0.0536943 -0.00487575 -0.0032534 -4.74649 299.655
7440 0.01477 1.80207 0.0360112 0.118363 -0.00541788 -0.00239653 -4.74693 296.08
7560 0.01501 1.76465 -0.0240191 -0.104173 -0.00533205 -0.00367865 -4.74729 294.481
7680 0.01525 1.85697 -0.0450098 0.0450723 -0.00563738 -0.00274923 -4.74662 298.499
7800 0.01549 1.80174 0.0923512 -0.014086 -0.00513541 -0.00336926 -4.74596 301.175
7920 0.01573 1.85515 -0.0546707 0.0390555 -0.00611923 -0.00266385 -4.74607 302.447
8040 0.01597 1.8286 -0.0259005 -0.0669833 -0.00593586 -0.00358421 -4.74658 299.341
8160 0.01621 1.97761 0.0687418 0.0592538 -0.00567169 -0.00304065 -4.74652 295.646
8280 0.01645 1.87467 -0.0739696 -0.0333323 -0.00651602 -0.00329306 -4.74598 301.136
8400 0.01669 1.99239 0.0483732 -0.0036988 -0.00565894 -0.00354313 -4.74566 303.417
8520 0.01693 1.94526 0.00486769 0.0518372 -0.0064707 -0.00309014 -4.74593 300.053
8640 0.01717 1.98568 -0.0280823 -0.0413355 -0.00637068 -0.00376032 -4.7463 298.059
8760 0.01741 2.00503 0.00549737 -0.034005 -0.00621788 -0.00392109 -4.7459 298.044
8880 0.01765 2.01551 -0.00351572 0.0654664 -0.00692984 -0.00307107 -4.74539 304.539
9000 0.01789 2.05591 0.0149512 -0.0359204 -0.00642028 -0.00392796 -4.74534 302.757
9120 0.01813 2.05639 0.00669185 -0.00628233 -0.00669216 -0.00391204 -4.7458 300.239
9240 0.01837 2.11018 -0.0171208 0.0529376 -0.00704657 -0.00352553 -4.74572 298.204
9360 0.01861 2.10382 -0.00690461 -0.0914304 -0.00658638 -0.00455109 -4.74562 299.905
9480 0.01885 2.18368 0.0185307 0.0692752 -0.00713242 -0.00346594 -4.74525 303.042
9600 0.01909 2.09827 -0.00649545 0.00211463 -0.00731149 -0.00389662 -4.74454 306.461
9720 0.01933 2.21845 0.0143746 -0.0518696 -0.00691558 -0.00426904 -4.745 303.943
9840 0.01957 2.21682 -0.0294609 0.0676117 -0.00789531 -0.00349719 -4.74528 299.709
9960 0.01981 2.25976 0.0409354 -0.0274867 -0.00727701 -0.00424676 -4.74543 298.967
10080 0.02005 2.24446 -0.0531642 -0.0432777 -0.00787242 -0.00422831 -4.74526 298.23
10200 0.02029 2.32719 0.0114865 0.0685642 -0.00781299 -0.00365563 -4.74485 303.956
10320 0.02053 2.32247 0.0553766 -0.0637411 -0.00724492 -0.00466245 -4.74458 303.235
10440 0.02077 2.36947 -0.0850206 0.0572038 -0.00854737 -0.00361206 -4.74515 300.662
10560 0.02101 2.35195 0.0623619 -0.0696716 -0.00752122 -0.00491622 -4.74504 298.205
10680 0.02125 2.44095 0.00328993 0.083551 -0.00820473 -0.00388847 -4.74484 299.314
10800 0.02149 2.32073 -0.0489764 -0.0671539 -0.00867219 -0.00463384 -4.74467 303.545
10920 0.02173 2.464 0.0435088 0.0349713 -0.00805235 -0.00433027 -4.74416 304.502
11040 0.02197 2.43048 -0.0239116 0.012518 -0.00873801 -0.00435751 -4.74409 300.991
11160 0.02221 2.48063 -0.0231631 -0.0626719 -0.00843204 -0.00502522 -4.74487 298.991
11280 0.02245 2.51095 0.0394784 0.0528171 -0.0085694 -0.00454476 -4.74484 298.08
11400 0.02269 2.54696 0.0153509 0.0191964 -0.00874287 -0.00464291 -4.74432 300.56
11520 0.02293 2.45535 -0.0768268 -0.0802123 -0.00913225 -0.00499314 -4.74381 305.768
11640 0.02317 2.60502 0.0878112 0.0777756 -0.00870887 -0.00439305 -4.74371 304.05
11760 0.02341 2.59765 -0.0103333 -0.00341791 -0.00917433 -0.00482189 -4.74449 299.065
11880 0.02365 2.54248 -0.0799806 -0.0968688 -0.0097216 -0.00517372 -4.74452 297.616
12000 0.02389 2.72019 0.086095 0.12794 -0.00902592 -0.00436315 -4.74397 299.569
12120 0.02413 2.58672 -0.0369716 -0.0959487 -0.00963141 -0.00540196 -4.74364 303.442
12240 0.02437 2.68852 -0.0233518 0.0556672 -0.00982638 -0.00458616 -4.74376 300.615
12360 0.02461 2.69473 0.0667276 -0.0401445 -0.00960879 -0.00529457 -4.7444 296.547
12480 0.02485 2.73998 -0.0889214 0.0465529 -0.010542 -0.00457075 -4.74403 297.466
12600 0.02509 2.74297 0.0627599 -0.056692 -0.00939379 -0.00563796 -4.74367 301.779
12720 0.02533 2.76991 0.00108158 0.0605172 -0.0104736 -0.00463396 -4.74353 301.665
12840 0.02557 2.72189 -0.0444913 -0.0251437 -0.0107504 -0.00507138 -4.74357 298.895
12960 0.02581 2.83873 0.03482 -0.0263335 -0.00996896 -0.00565744 -4.74428 294.384
13080 0.02605 2.77557 -0.00350591 0.0319609 -0.0108888 -0.00511786 -4.74411 295.004
13200 0.02629 2.86265 -0.0188876 0.019459 -0.0105684 -0.0053161 -4.74347 297.796
13320 0.02653 2.85526 0.0257128 -0.0747816 -0.0102229 -0.00601098 -4.74318 300.347
13440 0.02677 2.92705 -0.0163393 0.105065 -0.0109942 -0.00483033 -4.74302 301.528
13560 0.02701 2.89497 0.0284836 -0.0991473 -0.0103485 -0.00630309 -4.74318 299.403
13680 0.02725 2.91286 -0.0617862 0.0311129 -0.0114883 -0.00538279 -4.74364 296.126
13800 0.02749 2.97214 0.0708881 0.0365866 -0.0110544 -0.0055087 -4.74317 296.449
13920 0.02773 2.96817 -0.0441392 -0.0340862 -0.0111692 -0.00592711 -4.74279 302.507
14040 0.02797 2.9672 0.0204277 -0.0237653 -0.0113951 -0.00584908 -4.74267 300.812
14160 0.02821 3.03095 -0.00982376 0.106915 -0.011754 -0.00521256 -4.74284 297.81
14280 0.02845 3.01957 -0.00752441 -0.158314 -0.0112741 -0.00678259 -4.74322 296.73
14400 0.02869 3.06639 0.000682428 0.124474 -0.0118533 -0.00538301 -4.74276 295.977
14520 0.02893 3.04616 0.0298587 -0.033577 -0.0116216 -0.00616686 -4.74232 301.923
14640 0.02917 3.08617 -0.0656332 -0.0589659 -0.0119106 -0.00627531 -4.74197 302.615
14760 0.02941 3.14022 0.0788995 0.087574 -0.0120193 -0.00555027 -4.74236 299.874
14880 0.02965 3.12024 -0.0465222 -0.0149623 -0.0123464 -0.00622098 -4.74278 297.134
15000 0.02989 3.17165 0.00979822 -0.0910529 -0.0116922 -0.00686817 -4.74224 296.671
15120 0.03013 3.17776 -0.0110876 0.114226 -0.0127884 -0.00555923 -4.74197 299.823
15240 0.03037 3.21884 0.0358713 -0.0423821 -0.0119908 -0.00665342 -4.74182 301.071
15360 0.03061 3.19174 -0.0459212 -0.0485721 -0.0125337 -0.00664817 -4.74185 300.789
15480 0.03085 3.24742 0.0379942 0.0874923 -0.0129246 -0.0058687 -4.74224 295.862
15600 0.03109 3.23551 -0.0185776 -0.054786 -0.0130054 -0.0066211 -4.74207 294.225
15720 0.03133 3.28322 -0.0354 -0.0132888 -0.0129565 -0.00652144 -4.74171 300.649
15840 0.03157 3.2849 0.088406 0.0566048 -0.0128946 -0.00627935 -4.74134 300.965
15960 0.03181 3.27403 -0.0803332 -0.0315476 -0.0136033 -0.00655854 -4.74129 299.687
16080 0.03205 3.3595 -0.0150293 -0.0564087 -0.0132655 -0.00685714 -4.74174 296.808
16200 0.03229 3.38765 0.0874298 0.127805 -0.0134896 -0.00610448 -4.74188 293.761
16320 0.03253 3.37823 -0.0593846 -0.0979839 -0.0134664 -0.00721871 -4.74135 299.3
16440 0.03277 3.36972 -0.020299 -0.0474522 -0.0138276 -0.00680676 -4.74079 300.601
16560 0.03301 3.46435 0.057829 0.163862 -0.013981 -0.00579629 -4.7408 301.101
16680 0.03325 3.4159 -0.00861522 -0.153662 -0.0136284 -0.00767068 -4.74115 298.293
16800 0.03349 3.43359 -0.056205 0.0674316 -0.014739 -0.0062545 -4.74136 295.037
16920 0.03373 3.46099 0.0647388 0.0151166 -0.0141155 -0.00685294 -4.74084 300.594
17040 0.03397 3.50353 -0.0307188 -0.0232481 -0.0140841 -0.00715281 -4.74014 301.314
17160 0.03421 3.47158 -0.00698028 -0.0315086 -0.0145494 -0.00711477 -4.74042 301.082
17280 0.03445 3.59771 0.0190092 0.0806741 -0.014351 -0.00680592 -4.74061 297.106
17400 0.03469 3.53415 -0.0041779 -0.0923812 -0.014383 -0.00773217 -4.74041 298.821
17520 0.03493 3.58793 -0.0120276 0.0740501 -0.0147949 -0.0067402 -4.73957 303.29
17640 0.03517 3.5507 0.0396995 -0.0380585 -0.0145621 -0.00757254 -4.73966 304.036
17760 0.03541 3.62496 -0.0726059 0.0216521 -0.0152798 -0.00702571 -4.73993 300.288
17880 0.03565 3.63907 0.0615706 -0.0437297 -0.0143906 -0.00789727 -4.73994 298.835
18000 0.03589 3.67914 -0.0138727 0.0607971 -0.0153087 -0.00705007 -4.73986 299.982
18120 0.03613 3.65561 -0.0307951 -0.0481494 -0.0152704 -0.00769811 -4.73937 301.894
18240 0.03637 3.70648 0.0432274 0.0122504 -0.0148801 -0.00761651 -4.73874 305.907
18360 0.03661 3.7077 -0.012429 0.0461684 -0.0156571 -0.00712828 -4.73903 303.192
18480 0.03685 3.71746 -0.0189302 -0.0865442 -0.0153833 -0.00813894 -4.73935 299.945
18600 0.03709 3.78568 0.0213033 0.0806647 -0.0156348 -0.0072805 -4.73927 298.831
18720 0.03733 3.73676 0.0046026 -0.0315371 -0.0157126 -0.00802481 -4.73924 299.961
18840 0.03757 3.77875 -0.0436477 -0.0373346 -0.0159691 -0.00798901 -4.73901 301.65
18960 0.03781 3.85931 0.0406949 0.0795994 -0.0157363 -0.00748269 -4.73858 302.289
19080 0.03805 3.79328 0.0368235 -0.0794064 -0.0156608 -0.00855432 -4.73864 299.978
19200 0.03829 3.81253 -0.114839 0.0531966 -0.0171226 -0.00749571 -4.73931 298.041
19320 0.03853 3.87558 0.124458 -0.0283695 -0.0155097 -0.00856172 -4.7389 296.372
19440 0.03877 3.84604 -0.0665273 0.0228822 -0.0167808 -0.00793489 -4.73842 302.889
19560 0.03901 3.86835 -0.0147821 -0.0131278 -0.0165763 -0.00814211 -4.7382 302.748
19680 0.03925 3.93543 0.0633451 -0.00555608 -0.016177 -0.00832367 -4.73826 298.605
19800 0.03949 3.87349 -0.0718071 0.00505328 -0.0176119 -0.00794641 -4.73848 297.514
19920 0.03973 3.97202 0.0307904 1.00889e-05 -0.0167011 -0.00823541 -4.73812 299.936
20040 0.03997 4.01098 0.0404248 -0.00703619 -0.0164888 -0.00847942 -4.73746 304.641
20160 0.04021 3.94069 -0.0857567 0.0259175 -0.0179284 -0.00790111 -4.73753 302.912
20280 0.04045 3.99521 0.0566283 -0.0576764 -0.0167381 -0.0089277 -4.73781 298.499
20400 0.04069 4.08153 0.0292122 0.0750647 -0.0172977 -0.00806418 -4.73775 298.448
20520 0.04093 3.91091 -0.0982807 -0.0733856 -0.0185831 -0.00845532 -4.73752 301.573
20640 0.04117 4.14644 0.0844823 0.0687084 -0.016881 -0.00852595 -4.7371 302.728
20760 0.04141 4.04911 0.00494463 -0.0370065 -0.0175825 -0.00883082 -4.73682 302.733
20880 0.04165 4.0586 -0.0619484 0.0182236 -0.0182029 -0.00855991 -4.73727 300.317
21000 0.04189 4.12816 0.0318234 -0.0269369 -0.0177936 -0.00893788 -4.73753 297.764
21120 0.04213 4.17177 0.000603616 0.0269908 -0.0180412 -0.00864644 -4.73704 298.216
21240 0.04237 4.14243 -0.024298 -0.0267819 -0.0181725 -0.00890472 -4.73651 303.968
21360 0.04261 4.18062 0.0503539 0.0209106 -0.0180216 -0.00874643 -4.73641 302.562
21480 0.04285 4.17343 -0.0307637 0.0140244 -0.0187213 -0.00875982 -4.73655 299.47
21600 0.04309 4.16287 -0.0418863 -0.0735908 -0.0188479 -0.00917738 -4.73669 299.09
21720 0.04333 4.31681 0.106719 0.101191 -0.0181006 -0.00869763 -4.73646 299.941
21840 0.04357 4.18579 -0.0959499 -0.0695367 -0.0193515 -0.00908559 -4.73579 302.927
21960 0.04381 4.24391 0.0134085 -0.000790827 -0.0190914 -0.00883249 -4.73557 303.094
22080 0.04405 4.2909 0.0522908 0.0790496 -0.019059 -0.00880506 -4.73611 299.931
22200 0.04429 4.27611 -0.0441958 -0.093933 -0.0192116 -0.00962717 -4.73631 298.555
22320 0.04453 4.34094 -0.0332383 0.0325581 -0.0193877 -0.00903122 -4.73573 297.18
22440 0.04477 4.32458 0.09883 0.00826278 -0.0189803 -0.00939434 -4.73547 303.186
22560 0.04501 4.3389 -0.0894784 0.0130823 -0.0201268 -0.00891647 -4.73509 303.063
22680 0.04525 4.31254 0.0221193 -0.0791359 -0.0197153 -0.00976132 -4.7357 299.758
22800 0.04549 4.41662 0.0272936 0.130035 -0.0200347 -0.0087231 -4.73571 295.808
22920 0.04573 4.38366 -0.0154615 -0.107782 -0.0198534 -0.00998233 -4.73531 298.672
23040 0.04597 4.45165 -0.00718728 0.0508939 -0.020044 -0.00918652 -4.73491 302.772
23160 0.04621 4.37096 0.0144287 -0.00524083 -0.0204464 -0.0095077 -4.73473 300.616
23280 0.04645 4.51232 -0.00251478 0.0159244 -0.0200387 -0.00958954 -4.7354 296.608
23400 0.04669 4.4369 -0.0181624 -0.0721092 -0.0205177 -0.0100528 -4.73543 295.913
23520 0.04693 4.52352 0.0138199 0.0908727 -0.0206725 -0.00918379 -4.73469 297.338
23640 0.04717 4.50303 0.0230927 -0.0699628 -0.0204788 -0.0100733 -4.73462 301.923
23760 0.04741 4.49013 -0.0749665 0.0435846 -0.0214776 -0.00923407 -4.73423 299.683
23880 0.04765 4.59512 0.0806771 -0.0289125 -0.0201462 -0.0101806 -4.73413 299.188
24000 0.04789 4.57262 -0.040042 0.00976541 -0.0211429 -0.0098531 -4.73439 299.286
24120 0.04813 4.55823 -0.0026844 0.0154021 -0.0211295 -0.0100261 -4.73437 298.112
24240 0.04837 4.60586 0.0457638 -0.0131979 -0.0206344 -0.0104831 -4.73402 300.353
24360 0.04861 4.56321 -0.0318274 -0.00271758 -0.0215892 -0.00992795 -4.73323 302.063
24480 0.04885 4.59014 -0.0262362 0.00635886 -0.0219159 -0.00983299 -4.73315 302.346
24600 0.04909 4.67515 0.045537 0.0081481 -0.0211239 -0.010375 -4.73395 298.325
24720 0.04933 4.6666 -0.0142813 -0.0274955 -0.0216917 -0.0104805 -4.73379 296.49
24840 0.04957 4.70359 -0.0127487 0.0510352 -0.0219954 -0.00978407 -4.73316 300.164
24960 0.04981 4.71485 0.0277938 -0.0509692 -0.0212476 -0.0107853 -4.73282 301.524
25080 0.05005 4.71869 -0.00318303 0.0157898 -0.0221234 -0.0102043 -4.73305 301.186
25200 0.05029 4.66051 -0.0559072 0.00434436 -0.0229256 -0.0101615 -4.73306 297.081
25320 0.05053 4.80653 0.0712318 -0.00908122 -0.021763 -0.0107264 -4.73345 295.298
25440 0.05077 4.75057 -0.0335777 0.0230079 -0.0227395 -0.0103817 -4.73332 295.456
25560 0.05101 4.73825 -0.0161575 -0.0418842 -0.0228167 -0.0105809 -4.73251 299.596
25680 0.05125 4.84593 0.0308965 0.0515882 -0.0224087 -0.0103144 -4.73206 302.016
25800 0.05149 4.77738 -0.0139602 -0.0443125 -0.022938 -0.010864 -4.73206 300.481
25920 0.05173 4.85778 0.00269627 0.0262484 -0.0228574 -0.0106508 -4.73243 295.981
26040 0.05197 4.84365 0.0307468 -0.0138866 -0.0231692 -0.0108049 -4.73274 295.103
26160 0.05221 4.76777 -0.0692351 0.0120376 -0.0241687 -0.0104296 -4.73208 298.058
26280 0.05245 4.89399 0.0649647 -9.61202e-05 -0.0229098 -0.0108364 -4.73135 302.056
26400 0.05269 4.84297 -0.0220888 -0.0153458 -0.0238116 -0.010717 -4.73137 302.372
26520 0.05293 4.94127 -0.0346224 0.0476494 -0.0238425 -0.0105074 -4.73155 297.126
26640 0.05317 4.96712 0.0991721 -0.0699928 -0.0227231 -0.011703 -4.73162 297.35
26760 0.05341 4.88496 -0.0851583 0.0618511 -0.0247865 -0.0103687 -4.73098 301.896
26880 0.05365 4.78054 -0.0261824 -0.0648865 -0.0245256 -0.0112663 -4.73038 304.675
27000 0.05389 5.04428 0.102099 0.0710578 -0.0231871 -0.0111561 -4.73057 301.421
27120 0.05413 4.88951 -0.0628021 -0.0648084 -0.0247984 -0.0113491 -4.73087 298.484
27240 0.05437 4.93805 -0.0355365 0.0479805 -0.0249407 -0.0109122 -4.73077 298.1
27360 0.05461 5.05566 0.119947 -0.0101584 -0.0236423 -0.0115736 -4.73027 303.441
27480 0.05485 4.85974 -0.127341 -0.034609 -0.0258184 -0.0110525 -4.72963 303.577
27600 0.05509 5.05932 0.0538818 0.0579635 -0.0245647 -0.0111293 -4.73015 301.356
27720 0.05533 5.0549 0.034646 -0.0542342 -0.0245611 -0.0117358 -4.73001 297.398
27840 0.05557 5.06734 -0.0870277 0.029534 -0.0255539 -0.0110818 -4.73015 301.69
27960 0.05581 5.09938 0.0968452 -0.0125414 -0.0246591 -0.0116267 -4.7296 298.672
28080 0.05605 5.02223 -0.0743311 0.0261819 -0.0258588 -0.0112267 -4.7294 302.525
28200 0.05629 5.14575 0.046439 -0.0247254 -0.0247849 -0.0118297 -4.729 304.064
28320 0.05653 5.08617 -0.0152826 -0.00774591 -0.0259175 -0.0114782 -4.72928 300.989
28440 0.05677 5.12354 -0.0323223 0.0517053 -0.0261406 -0.01132 -4.72957 297.258
28560 0.05701 5.17459 0.0502316 -0.0703233 -0.0251409 -0.012298 -4.72911 297.468
28680 0.05725 5.14919 -0.0232875 0.0348453 -0.0262179 -0.0115411 -4.7289 302.123
28800 0.05749 5.12315 0.0253999 -0.000836368 -0.0263838 -0.0116047 -4.72862 300.679
28920 0.05773 5.12228 -0.0341599 -0.0123976 -0.0267348 -0.0116567 -4.7286 300.187
29040 0.05797 5.21879 0.0193908 0.0202723 -0.026391 -0.0116809 -4.72856 299.168
29160 0.05821 5.21503 -0.00781875 -0.0141266 -0.0264469 -0.0120509 -4.72877 297.719
29280 0.05845 5.28117 0.00436618 0.00575051 -0.0264589 -0.0120468 -4.72887 296.299
29400 0.05869 5.26858 0.00106227 0.00148691 -0.0268044 -0.0118747 -4.72803 298.424
29520 0.05893 5.24524 -0.029279 -0.00122325 -0.0270205 -0.011977 -4.72769 302.182
29640 0.05917 5.26897 0.0591609 -0.00769798 -0.0266157 -0.0122787 -4.72761 300.098
29760 0.05941 5.24532 -0.0601966 0.0194778 -0.0278358 -0.0118916 -4.72799 296.006
29880 0.05965 5.2863 0.0318805 -0.0336018 -0.0273594 -0.0123946 -4.72833 294.23
30000 0.05989 5.38142 0.00578465 0.0586924 -0.0271695 -0.011969 -4.72741 299.112
30120 0.06013 5.2665 -0.0224807 -0.104332 -0.027719 -0.0126563 -4.72689 301.954
30240 0.06037 5.40766 -0.00361741 0.144191 -0.0278635 -0.0114369 -4.72682 300.78
30360 0.06061 5.35627 0.0194369 -0.129037 -0.0270729 -0.0133344 -4.72712 298.59
30480 0.06085 5.48035 -0.0145863 0.0669294 -0.0277149 -0.012131 -4.72733 296.061
30600 0.06109 5.43073 0.0291023 -0.0110663 -0.0279093 -0.0125775 -4.72711 297.342
30720 0.06133 5.37422 -0.0167723 -0.0206968 -0.0282031 -0.0125886 -4.72622 301.316
30840 0.06157 5.34226 -0.0319508 0.0201936 -0.0289975 -0.0121483 -4.72591 302.124
30960 0.06181 5.44297 0.0464148 0.00719528 -0.0284117 -0.0124959 -4.72613 298.901
31080 0.06205 5.42516 0.00790396 -0.0249038 -0.0287405 -0.0127791 -4.72648 296.146
31200 0.06229 5.36975 -0.0753878 0.011391 -0.0296006 -0.0124239 -4.72612 297.965
31320 0.06253 5.43547 0.0715805 -0.0114208 -0.0286853 -0.0128626 -4.72543 301.558
31440 0.06277 5.50223 -0.0333932 0.0560077 -0.0289906 -0.0125629 -4.72535 301.355
31560 0.06301 5.41475 -0.010103 -0.117195 -0.0291716 -0.0134337 -4.72557 300.041
31680 0.06325 5.57705 0.00523384 0.157238 -0.0295048 -0.0120685 -4.72554 296.672
31800 0.06349 5.47204 0.0318607 -0.143892 -0.028908 -0.0138928 -4.72534 299.061
31920 0.06373 5.52579 -0.0564296 0.0559294 -0.0301222 -0.01245 -4.72446 302.943
32040 0.06397 5.5128 0.0907869 0.0575513 -0.0295724 -0.0127677 -4.72422 301.926
32160 0.06421 5.43312 -0.0544765 -0.109852 -0.0304099 -0.0134935 -4.72454 299.993
32280 0.06445 5.49673 -0.0399858 0.0764585 -0.031214 -0.01219 -4.72448 298.181
32400 0.06469 5.49358 0.0789393 -0.0161709 -0.0301612 -0.0133141 -4.72411 297.923
32520 0.06493 5.53629 -0.083199 -0.0119463 -0.0308057 -0.0131603 -4.72425 302.472
32640 0.06517 5.52856 0.0791888 -0.0138232 -0.0305328 -0.0132247 -4.72374 298.211
32760 0.06541 5.50068 -0.0300315 0.056187 -0.0319872 -0.0125014 -4.72422 297.5
32880 0.06565 5.54199 -0.0553865 -0.0510917 -0.0314846 -0.0132406 -4.7239 295.541
33000 0.06589 5.67668 0.0911505 0.00354431 -0.0303602 -0.0133967 -4.72344 301.555
33120 0.06613 5.5474 -0.033066 0.0349852 -0.0318529 -0.0129106 -4.72307 302.206
33240 0.06637 5.57499 -0.0289927 -0.038755 -0.0317241 -0.0134552 -4.72301 299.204
33360 0.06661 5.66259 0.0521934 0.0266968 -0.0313515 -0.0133782 -4.72333 295.938
33480 0.06685 5.62498 -0.0423111 0.0066488 -0.0321833 -0.01338 -4.72381 292.581
33600 0.06709 5.68973 -0.0385044 -0.0507861 -0.031341 -0.0141595 -4.72353 295.081
33720 0.06733 5.69348 0.146738 0.0120591 -0.0311528 -0.0138009 -4.72272 298.9
33840 0.06757 5.51261 -0.127847 0.0686476 -0.0342634 -0.0124649 -4.72212 300.055
33960 0.06781 5.54295 -0.0231097 -0.0935308 -0.0329068 -0.0138753 -4.72173 302.318
34080 0.06805 5.816 0.0801409 0.0821711 -0.0316056 -0.0132845 -4.72137 303.991
34200 0.06829 5.72762 -0.0057081 -0.0423699 -0.0323041 -0.0139491 -4.72176 301.047
34320 0.06853 5.66715 -0.0697014 -0.0108529 -0.0332968 -0.0136851 -4.722 298.257
34440 0.06877 5.81761 0.0774606 0.0389226 -0.0324142 -0.0135148 -4.7216 298.469
34560 0.06901 5.727 0.000634635 -0.0330162 -0.0327049 -0.0140952 -4.72116 303.912
34680 0.06925 5.70842 -0.0700479 0.0129911 -0.0338266 -0.0134574 -4.72067 302.093
34800 0.06949 5.72158 0.0599951 -0.00578188 -0.0332195 -0.0140017 -4.72135 297.666
34920 0.06973 5.78314 0.0231345 0.0241186 -0.0336931 -0.0137301 -4.72127 296.26
35040 0.06997 5.53147 -0.0937898 -0.059845 -0.0352358 -0.0139021 -4.7207 300.689
35160 0.07021 5.81478 0.0726746 0.107421 -0.033641 -0.0133953 -4.72027 301.465
35280 0.07045 5.79035 -0.000892844 -0.102928 -0.0334514 -0.014742 -4.72037 300.402
35400 0.07069 5.76383 -0.0194343 0.0270732 -0.0346325 -0.0138819 -4.72078 295.744
35520 0.07093 5.72524 -0.00152508 0.0251851 -0.0348929 -0.0139184 -4.72047 296.312
35640 0.07117 5.73901 0.0493354 -0.0258384 -0.0346137 -0.0142793 -4.71986 299.045
35760 0.07141 5.55961 -0.0898878 0.00384481 -0.0365499 -0.0137156 -4.7196 300.845
35880 0.07165 5.71386 0.0757476 0.0206145 -0.035462 -0.0138356 -4.71942 300.651
36000 0.07189 5.70817 -0.0258169 -0.0192546 -0.0358736 -0.0140836 -4.71936 298.783
36120 0.07213 5.63534 -0.000325331 -0.0111801 -0.0365082 -0.0140112 -4.71941 295.171
36240 0.07237 5.64679 0.00154788 0.0456645 -0.0367722 -0.0137783 -4.71935 299.236
36360 0.07261 5.61304 0.0447321 -0.062808 -0.0365641 -0.0143612 -4.71837 301.11
36480 0.07285 5.5179 -0.0861776 0.0619178 -0.0380096 -0.0134937 -4.71828 303.359
36600 0.07309 5.54033 0.0519084 -0.0502008 -0.0374072 -0.0143208 -4.71839 301.173
36720 0.07333 5.63754 0.0125113 0.0573233 -0.037448 -0.0139446 -4.7185 299.66
36840 0.07357 5.45549 -0.0275077 -0.092912 -0.038267 -0.0146191 -4.71841 300.619
36960 0.07381 5.49974 -0.00711672 0.0900051 -0.038852 -0.0135939 -4.718 299.12
37080 0.07405 5.41431 0.0417776 -0.0483992 -0.0386567 -0.0144101 -4.71769 301.863
37200 0.07429 5.19441 -0.00764935 0.00385584 -0.0402693 -0.013872 -4.71754 304.513
37320 0.07453 4.89137 -0.0137779 0.0188331 -0.042385 -0.0135093 -4.71805 301.688
37440 0.07477 4.74805 0.0110221 0.00840774 -0.042762 -0.0138658 -4.71845 299.186
37560 0.07501 4.49009 0.0276048 -0.0334658 -0.043916 -0.0140727 -4.71873 300.247
37680 0.07525 4.09036 -0.0649229 0.054846 -0.0463961 -0.0135211 -4.71932 299.861
37800 0.07549 3.73597 0.0851556 -0.0584097 -0.0467741 -0.0146979 -4.72013 297.938
37920 0.07573 3.31646 -0.114197 0.0606351 -0.0492693 -0.0141785 -4.72047 300.113
38040 0.07597 2.99732 0.0962758 -0.0601482 -0.0489579 -0.0155268 -4.72082 299.415
38160 0.07621 2.81542 -0.0869752 0.0546241 -0.0505052 -0.0151423 -4.72146 295.874
38280 0.07645 2.72386 0.0696836 -0.0696155 -0.0496537 -0.0163752 -4.72126 297.126
38400 0.07669 2.64227 -0.0392918 0.0590463 -0.0514002 -0.0151791 -4.72087 301.138
38520 0.07693 2.6542 0.0317277 -0.0491345 -0.051475 -0.015503 -4.72101 302.164
38640 0.07717 2.80129 -0.0405894 0.0175975 -0.0520842 -0.0147981 -4.72105 298.089
38760 0.07741 2.85018 0.0173218 0.011363 -0.052447 -0.0145578 -4.7211 298.256
38880 0.07765 2.90123 0.00163824 0.0143581 -0.0525506 -0.0144654 -4.72032 302.108
39000 0.07789 2.94905 -0.00666006 -0.050353 -0.0526319 -0.0146548 -4.7199 303.71
39120 0.07813 2.99407 -0.00909449 0.0689548 -0.0530847 -0.0140972 -4.72039 300.964
39240 0.07837 2.98981 0.0492465 -0.0441631 -0.0523813 -0.0150292 -4.72075 298.948
39360 0.07861 2.92003 -0.0825355 0.00624992 -0.0532246 -0.0148847 -4.72082 300.556
39480 0.07885 2.78306 0.0993073 0.00254264 -0.0530276 -0.0153704 -4.72084 301.26
39600 0.07909 2.59749 -0.0720838 0.00636024 -0.0547043 -0.0151607 -4.72092 298.526
39720 0.07933 2.49468 0.00767109 -0.0287626 -0.0544252 -0.0158692 -4.72141 297.659
39840 0.07957 2.55645 0.0236391 0.0459573 -0.0542344 -0.0156265 -4.72085 297.103
39960 0.07981 2.66963 -0.0219619 -0.049403 -0.054317 -0.015899 -4.72053 303.482
40080 0.08005 2.76541 0.0477104 0.0496874 -0.0541573 -0.0153233 -4.72035 300.413
40200 0.08029 2.66565 -0.0202262 -0.0396379 -0.0553577 -0.0154522 -4.72075 300.137
40320 0.08053 2.7255 -0.0328689 0.0316453 -0.0558658 -0.0150333 -4.72121 295.3
40440 0.08077 2.74048 0.0699072 -0.0325512 -0.0557584 -0.0153709 -4.72162 293.072
40560 0.08101 2.57348 -0.08583 0.0363354 -0.0572708 -0.0147607 -4.72111 296.486
40680 0.08125 2.46652 0.0549449 -0.068163 -0.0569322 -0.0155884 -4.72066 298.597
40800 0.08149 2.50035 -0.0289276 0.0941976 -0.0577094 -0.0146688 -4.7202 301.496
40920 0.08173 2.55726 0.00266313 -0.0704598 -0.0568028 -0.0159475 -4.72 302.852
41040 0.08197 2.52338 0.037995 0.0223807 -0.0570674 -0.0156221 -4.72028 297.726
41160 0.08221 2.43319 -0.0427575 0.038569 -0.0583376 -0.0152572 -4.72082 296.773
41280 0.08245 2.48976 0.0243333 -0.086783 -0.0574869 -0.0161347 -4.72035 298.092
41400 0.08269 2.50042 -0.0289366 0.114697 -0.0583623 -0.0149571 -4.71994 300.517
41520 0.08293 2.3841 0.0679255 -0.106029 -0.0579985 -0.0164744 -4.71999 300.89
41640 0.08317 2.41997 -0.133413 0.0640025 -0.0592918 -0.0153098 -4.72003 299.045
41760 0.08341 2.5419 0.163607 -0.0268426 -0.0575876 -0.0163569 -4.7201 299.41
41880 0.08365 2.46832 -0.119388 0.0161165 -0.059425 -0.0155946 -4.71974 298.992
42000 0.08389 2.5341 0.038665 -0.0477871 -0.0587005 -0.015959 -4.71937 302.633
42120 0.08413 2.58864 0.0127803 0.07084 -0.0588051 -0.0155939 -4.71923 302.911
42240 0.08437 2.53461 -0.0318102 -0.0627433 -0.058988 -0.0163903 -4.71974 298.018
42360 0.08461 2.69167 0.0252421 0.0616037 -0.058319 -0.0162429 -4.71995 298.095
42480 0.08485 2.51736 0.0203466 -0.0722842 -0.0588191 -0.0168054 -4.71951 298.95
42600 0.08509 2.52986 -0.100471 0.0753093 -0.059703 -0.0159587 -4.71918 302.945
42720 0.08533 2.64951 0.130579 -0.0468482 -0.0576588 -0.0171518 -4.71816 306.705
42840 0.08557 2.54152 -0.0673386 0.0185435 -0.059413 -0.0164359 -4.71818 307.064
42960 0.08581 2.47523 0.0376005 -0.0106324 -0.0598966 -0.0166061 -4.71902 304.739
43080 0.08605 2.43824 -0.0417549 0.00873837 -0.0607078 -0.0164875 -4.71939 300.214
43200 0.08629 2.57996 0.0415857 -0.0151897 -0.0602435 -0.0166482 -4.71939 296.696
43320 0.08653 2.48841 -0.0349239 0.0100895 -0.0612215 -0.0163659 -4.71911 299.34
43440 0.08677 2.47345 0.0385755 0.0143935 -0.0608175 -0.0164927 -4.71838 303.292
43560 0.08701 2.53611 -0.0549242 -0.0095121 -0.0609129 -0.0167867 -4.7186 304.338
43680 0.08725 2.48093 -0.00857756 -0.0283876 -0.0608017 -0.0172095 -4.71879 300.162
43800 0.08749 2.56149 0.0997441 0.0572062 -0.0600972 -0.0171452 -4.71896 299.702
43920 0.08773 2.38799 -0.12343 -0.0711364 -0.0614396 -0.0174952 -4.71871 298.546
44040 0.08797 2.52988 0.090306 0.0490159 -0.0606141 -0.0171942 -4.71842 303.024
44160 0.08821 2.43168 -0.0113921 -0.00448846 -0.0614696 -0.0172852 -4.71798 306.105
44280 0.08845 2.48226 -0.0401389 -0.0260043 -0.0617386 -0.0173532 -4.71859 303.301
44400 0.08869 2.48579 0.0619959 0.0238683 -0.0621265 -0.017057 -4.7186 298.389
44520 0.08893 2.48727 -0.0616238 0.0216733 -0.062858 -0.0168862 -4.71869 300.134
44640 0.08917 2.46432 0.0237659 -0.0724748 -0.0623399 -0.0175696 -4.71806 300.729
44760 0.08941 2.44575 0.0169965 0.0735565 -0.0632418 -0.0166379 -4.71769 304.792
44880 0.08965 2.42456 -0.0346105 -0.0281508 -0.0634195 -0.0173356 -4.71826 302.125
45000 0.08989 2.48855 0.010502 0.00065833 -0.0628665 -0.0176555 -4.71837 297.624
45120 0.09013 2.40178 0.0484002 0.00657452 -0.0630099 -0.0178031 -4.71814 299.606
45240 0.09037 2.35413 -0.0462468 -0.0109058 -0.0638481 -0.0175147 -4.71808 303.954
45360 0.09061 2.33356 0.00729641 -0.0119704 -0.0640125 -0.0175336 -4.71795 300.497
45480 0.09085 2.38087 -0.0245518 0.047532 -0.0640603 -0.0176487 -4.71871 297.097
45600 0.09109 2.40708 0.0852427 -0.045382 -0.0633385 -0.0183656 -4.71847 296.946
45720 0.09133 2.34792 -0.0708798 0.0253718 -0.0650629 -0.0174944 -4.71808 300.921
45840 0.09157 2.2967 0.0393928 -0.0115784 -0.0649459 -0.0177211 -4.7177 299.51
45960 0.09181 2.34959 -0.0512065 0.0140915 -0.0654175 -0.0175637 -4.71791 300.817
46080 0.09205 2.48026 0.0487153 -0.0258326 -0.0645486 -0.018043 -4.7181 295.942
46200 0.09229 2.41732 -0.00840021 0.0315094 -0.0652562 -0.0176794 -4.71839 293.533
46320 0.09253 2.31032 -0.0211107 -0.0365131 -0.0658266 -0.0179935 -4.71798 299.071
46440 0.09277 2.37749 0.0388261 0.0477609 -0.0654681 -0.017835 -4.71764 301.11
46560 0.09301 2.31031 -0.0315696 -0.0454187 -0.0659567 -0.0182412 -4.71727 299.384
46680 0.09325 2.27505 -0.0087027 0.00997613 -0.0665485 -0.0178904 -4.71741 300.634
46800 0.09349 2.29737 0.0220252 0.0272335 -0.0664368 -0.0180817 -4.71775 299.34
46920 0.09373 2.2263 -0.0389957 -0.0570815 -0.0666422 -0.0186709 -4.71767 295.745
47040 0.09397 2.38493 0.0478492 0.0857436 -0.0666228 -0.0178474 -4.71743 299.526
47160 0.09421 2.26735 -0.00466674 -0.0732282 -0.0669153 -0.0184872 -4.71705 304.324
47280 0.09445 2.23274 -0.0264261 0.0323567 -0.0676762 -0.01792 -4.71687 300.971
47400 0.09469 2.20645 0.0177409 0.0138396 -0.0677353 -0.0183249 -4.71738 300.048
47520 0.09493 2.21632 -0.00764072 -0.0506803 -0.0674647 -0.0188268 -4.71743 299.453
47640 0.09517 2.18322 -0.0089956 0.0342105 -0.0681129 -0.0182617 -4.71707 298.49
47760 0.09541 2.22474 0.00233819 -0.00512143 -0.0679681 -0.0186401 -4.71689 302.268
47880 0.09565 2.32034 -0.00575133 -0.00728913 -0.0678443 -0.0184926 -4.71645 303.698
48000 0.09589 2.40837 0.0381658 0.0174844 -0.0676296 -0.0185364 -4.71634 303.608
48120 0.09613 2.29767 -0.0198253 -0.00379986 -0.0682274 -0.0188648 -4.71693 299.915
48240 0.09637 2.26442 -0.0359194 -0.00346014 -0.0684045 -0.0190133 -4.71706 296.61
48360 0.09661 2.21167 0.0475252 -0.0140646 -0.0678289 -0.0194962 -4.71701 300.511
48480 0.09685 2.27523 -0.0549076 0.0341908 -0.0683787 -0.0189917 -4.71631 304.172
48600 0.09709 2.46263 0.0559932 -0.0506136 -0.0669933 -0.019728 -4.71549 307.212
48720 0.09733 2.48555 0.00368472 0.0582593 -0.067709 -0.0191084 -4.7153 308.108
48840 0.09757 2.32659 0.00139475 -0.0363479 -0.0683819 -0.0196203 -4.71615 303.398
48960 0.09781 2.17547 -0.0412629 0.00384264 -0.0693535 -0.0193555 -4.71657 299.75
49080 0.09805 2.20508 0.0407557 0.0214043 -0.0692674 -0.0196263 -4.71678 297.585
49200 0.09829 2.2001 -0.0436838 -0.0312485 -0.0695098 -0.0198963 -4.71661 299.462
49320 0.09853 2.22001 0.0145831 -0.0260336 -0.0699399 -0.0195805 -4.71579 302.106
49440 0.09877 2.11814 0.025441 0.10047 -0.0707574 -0.0188868 -4.71583 303.758
49560 0.09901 2.09947 -0.0538679 -0.108196 -0.0708255 -0.0200447 -4.7165 297.832
49680 0.09925 2.16897 0.0383251 0.0374683 -0.0706777 -0.0195743 -4.71652 297.586
49800 0.09949 2.13035 0.037476 0.0602355 -0.0711574 -0.0192127 -4.71596 300.75
49920 0.09973 2.04245 -0.132565 -0.118945 -0.0717192 -0.0200899 -4.71575 302.755
50040 0.09997 2.37039 0.145355 0.108385 -0.0705397 -0.0192254 -4.71571 298.715
50160 0.10021 2.19264 -0.0495396 -0.0430415 -0.0719867 -0.0196577 -4.71647 296.294
50280 0.10045 2.10466 -0.0682684 -0.0358174 -0.072266 -0.0198336 -4.71639 298.016
50400 0.10069 2.21875 0.12885 0.0720805 -0.0718015 -0.0194334 -4.71589 299.413
50520 0.10093 1.99299 -0.0799971 -0.0440299 -0.0731886 -0.0196868 -4.71585 300.745
50640 0.10117 2.01304 0.013046 -0.0186003 -0.0734549 -0.0194391 -4.71573 299.799
50760 0.10141 1.98172 0.0305639 0.0435226 -0.0742368 -0.0189649 -4.71578 298.95
50880 0.10165 1.79465 -0.0266701 -0.0488035 -0.0752962 -0.0192893 -4.71634 298.889
51000 0.10189 1.8649 0.052414 0.0528133 -0.0757622 -0.0185201 -4.71628 296.507
51120 0.10213 1.61452 -0.00894948 -0.048111 -0.0773139 -0.0185271 -4.71609 301.376
51240 0.10237 1.44262 0.0410167 -0.00202295 -0.0791175 -0.0176522 -4.71578 305.023
51360 0.10261 1.05661 0.0172891 0.00718646 -0.0819783 -0.0168916 -4.71682 305.818
51480 0.10285 0.532798 0.0413979 -0.0210556 -0.0852478 -0.0164683 -4.71906 312.255
51600 0.10309 0.0984675 -0.0685526 0.0520614 -0.0883784 -0.0157839 -4.72095 309.778
51720 0.10333 0.0558788 0.0396125 -0.058532 -0.0886509 -0.0164733 -4.72206 302.368
51840 0.10357 -0.0347513 -0.0606206 0.0602302 -0.0896774 -0.0157639 -4.72176 292.75
51960 0.10381 0.0298203 0.0647705 -0.0469614 -0.0887084 -0.0163974 -4.72096 296.344
52080 0.10405 0.0314698 -0.0815179 0.0236587 -0.0892027 -0.0160411 -4.72077 303.828
52200 0.10429 0.154314 0.094501 -0.0163582 -0.0884253 -0.0166046 -4.72134 303.997
52320 0.10453 0.0933882 -0.0945377 0.0401622 -0.0895574 -0.0163993 -4.72188 299.267
52440 0.10477 0.159633 0.0812975 -0.0669783 -0.088461 -0.017179 -4.72149 294.898
52560 0.10501 0.173079 -0.0500377 0.0968842 -0.0892879 -0.0162441 -4.72083 298.753
52680 0.10525 0.0439536 0.0506881 -0.122936 -0.0892051 -0.0173915 -4.72114 303.914
52800 0.10549 0.0909287 -0.0820393 0.117787 -0.0901854 -0.0162775 -4.7216 300.786
52920 0.10573 0.0428555 0.0973193 -0.093435 -0.0892656 -0.0176311 -4.72177 298.181
53040 0.10597 0.0438139 -0.106129 0.0725675 -0.0903293 -0.0166187 -4.72127 296.455
53160 0.10621 0.113141 0.114584 -0.0565373 -0.0891724 -0.0175385 -4.72114 300.781
53280 0.10645 0.0210087 -0.102139 0.0499194 -0.0905464 -0.0169815 -4.72124 301.251
53400 0.10669 0.069703 0.0812652 -0.0440649 -0.089865 -0.0178058 -4.72157 299.874
53520 0.10693 0.106479 -0.0534626 0.0427565 -0.0905145 -0.017289 -4.72166 294.915
53640 0.10717 0.135749 0.030887 -0.0672925 -0.0900907 -0.0179212 -4.72176 295.988
53760 0.10741 0.153153 -0.02984 0.109296 -0.0905395 -0.0171719 -4.72099 300.2
53880 0.10765 0.0725661 0.0282388 -0.138076 -0.0901659 -0.0185937 -4.72122 304.948
54000 0.10789 0.188483 -0.0243212 0.131968 -0.0907277 -0.0173276 -4.72119 297.786
54120 0.10813 0.078917 0.0422567 -0.0943281 -0.0905373 -0.0185435 -4.72171 299.326
54240 0.10837 0.11552 -0.0737872 0.0522217 -0.0911591 -0.0177332 -4.7213 298.297
54360 0.10861 0.1606 0.11192 -0.0248628 -0.0904588 -0.018258 -4.72113 299.831
54480 0.10885 0.139319 -0.123968 0.0107568 -0.0916102 -0.0179712 -4.72133 301.128
54600 0.10909 0.214447 0.106279 0.00483329 -0.0907889 -0.0183067 -4.72126 298.407
54720 0.10933 0.0765726 -0.0605071 0.00188432 -0.0918669 -0.0183818 -4.72138 298.99
54840 0.10957 0.15526 0.00851182 -0.0346632 -0.091215 -0.018791 -4.72093 299.494
54960 0.10981 0.242525 0.0236406 0.0768233 -0.0911966 -0.0181433 -4.7206 302.944
55080 0.11005 0.114558 -0.0288749 -0.0934096 -0.0915238 -0.0191728 -4.72119 303.06
55200 0.11029 0.248099 -0.00381267 0.0791938 -0.091675 -0.018534 -4.72158 298.007
55320 0.11053 0.20984 0.0552037 -0.0459318 -0.0912539 -0.019296 -4.72129 298.163
55440 0.11077 0.126994 -0.0977972 -0.000707598 -0.0921363 -0.0189289 -4.72099 301.94
55560 0.11101 0.25169 0.105859 0.0157893 -0.0913142 -0.0191142 -4.72091 301.749
55680 0.11125 0.210835 -0.0676491 0.0110721 -0.0922257 -0.0191735 -4.72168 297.176
55800 0.11149 0.194992 0.0102585 -0.0470379 -0.0921303 -0.0196507 -4.72173 295.741
55920 0.11173 0.308501 0.0285651 0.0766049 -0.0920344 -0.0191071 -4.72112 298.938
56040 0.11197 0.206688 -0.0296257 -0.0747265 -0.0921838 -0.0197149 -4.72098 301.679
56160 0.11221 0.291914 0.00722215 0.0546772 -0.0922887 -0.0192717 -4.72122 301.637
56280 0.11245 0.258975 0.0310701 -0.0263748 -0.0922462 -0.0198684 -4.72158 296.089
56400 0.11269 0.193145 -0.0712458 0.000479718 -0.0928914 -0.0198193 -4.72163 295.316
56520 0.11293 0.256834 0.0910774 0.00397073 -0.0920476 -0.0200956 -4.72073 301.17
56640 0.11317 0.212496 -0.0748113 0.00565697 -0.0929122 -0.0199521 -4.72088 303.22
56760 0.11341 0.264281 0.0353587 -0.0241121 -0.092633 -0.0202334 -4.72103 297.617
56880 0.11365 0.288063 -0.0184827 0.0455082 -0.0929644 -0.0200116 -4.7214 298.305
57000 0.11389 0.291034 -0.00145576 -0.068893 -0.092813 -0.0206185 -4.72107 301.444
57120 0.11413 0.358758 0.0403949 0.0800438 -0.0928108 -0.0198601 -4.72038 304.768
57240 0.11437 0.21949 -0.0330171 -0.0636869 -0.0931607 -0.0208307 -4.7206 303.513
57360 0.11461 0.220964 -0.0242027 0.0180972 -0.0934628 -0.0205004 -4.72091 301.039
57480 0.11485 0.279732 0.0759375 0.039007 -0.0931903 -0.0205445 -4.72102 298.63
57600 0.11509 0.202793 -0.0980898 -0.0668075 -0.0939899 -0.0211207 -4.72133 298.836
57720 0.11533 0.441868 0.0865595 0.0526408 -0.0931169 -0.0207085 -4.72141 297.428
57840 0.11557 0.312094 -0.0364705 -0.023445 -0.0937312 -0.0209336 -4.72098 300.206
57960 0.11581 0.317809 -0.0433634 -0.0173508 -0.0939746 -0.0208329 -4.72071 304.746
58080 0.11605 0.406731 0.10884 0.059913 -0.0932988 -0.0209225 -4.72067 299.931
58200 0.11629 0.243042 -0.138855 -0.0844065 -0.094387 -0.0216046 -4.72122 299.007
58320 0.11653 0.422954 0.120767 0.028143 -0.0934972 -0.0211324 -4.72101 298.429
58440 0.11677 0.337958 -0.0690848 0.091381 -0.0945064 -0.0209632 -4.72091 300.912
58560 0.11701 0.259102 0.019682 -0.197844 -0.0937285 -0.0226479 -4.72071 302.641
58680 0.11725 0.456249 0.00843472 0.242262 -0.0942279 -0.020542 -4.7204 302.712
58800 0.11749 0.210511 0.0137278 -0.195563 -0.0939824 -0.0227349 -4.72088 301.974
58920 0.11773 0.353113 -0.056905 0.0973547 -0.09476 -0.0212612 -4.72132 297.943
59040 0.11797 0.3377 0.0740038 -0.0224932 -0.0943144 -0.0220507 -4.72129 298.362
59160 0.11821 0.386296 -0.0836291 0.00736078 -0.0948736 -0.0218651 -4.72045 300.747
59280 0.11845 0.403082 0.0954623 -0.0149516 -0.0941061 -0.0222242 -4.72014 303.661
59400 0.11869 0.28743 -0.0823929 0.0209812 -0.0952554 -0.0219451 -4.72061 303.061
59520 0.11893 0.326163 0.0560997 -0.0313732 -0.0947859 -0.0225453 -4.72101 300.067
59640 0.11917 0.302585 -0.0264374 0.0382788 -0.0952861 -0.0223329 -4.72115 298.128
59760 0.11941 0.340024 0.00975488 -0.0326785 -0.09503 -0.0227906 -4.72094 301.496
59880 0.11965 0.342625 -0.000861884 0.0234418 -0.095151 -0.0225246 -4.72005 303.041
60000 0.11989 0.383726 -0.00909258 -0.0132173 -0.0952341 -0.0227482 -4.72039 302.611
60120 0.12013 0.37219 0.00845555 -0.00464117 -0.0952792 -0.022905 -4.72106 300.657
60240 0.12037 0.406861 0.00959909 0.0260828 -0.0953939 -0.022738 -4.72095 298.395
60360 0.12061 0.301699 -0.0401718 -0.0431023 -0.0958664 -0.02309 -4.72063 298.864
60480 0.12085 0.462575 0.0448356 0.0418798 -0.0953321 -0.0229831 -4.72033 303.34
60600 0.12109 0.416346 -0.0183666 -0.0203721 -0.0956624 -0.0232766 -4.72029 302.1
60720 0.12133 0.420608 -0.0139944 -0.00635101 -0.0958814 -0.0233308 -4.72117 297.999
60840 0.12157 0.466107 0.0311063 0.0432956 -0.0956999 -0.0233033 -4.72108 297.826
60960 0.12181 0.419538 -0.0179504 -0.0659781 -0.0958255 -0.0237398 -4.72054 300.997
61080 0.12205 0.450194 -0.0217151 0.0371994 -0.0961413 -0.0233467 -4.72044 301.728
61200 0.12229 0.487208 0.0666814 0.0104751 -0.0958233 -0.0235746 -4.72067 300.258
61320 0.12253 0.336947 -0.0962177 -0.0417791 -0.0966944 -0.0239225 -4.72087 300.842
61440 0.12277 0.479436 0.112143 0.0457791 -0.0958154 -0.0238841 -4.72074 298.496
61560 0.12301 0.363031 -0.0894394 -0.0232094 -0.0969618 -0.0239664 -4.72078 301.61
61680 0.12325 0.435 0.0119884 -0.012455 -0.0964785 -0.0239619 -4.71988 303.17
61800 0.12349 0.482966 0.0653658 0.0551791 -0.096259 -0.0239007 -4.72001 305.871
61920 0.12373 0.33723 -0.0890183 -0.0668829 -0.0970139 -0.0244521 -4.72055 300.142
62040 0.12397 0.482526 0.0419292 0.0171555 -0.0965911 -0.0242918 -4.72087 299.553
62160 0.12421 0.551675 0.0261042 0.0381164 -0.096729 -0.0241854 -4.72071 298.841
62280 0.12445 0.441568 -0.0587666 -0.0517934 -0.0971567 -0.024671 -4.72027 302.502
62400 0.12469 0.487024 0.0410306 0.049144 -0.096694 -0.0244459 -4.72002 303.318
62520 0.12493 0.447657 0.00620263 -0.0391684 -0.0970389 -0.0249112 -4.72087 299.351
62640 0.12517 0.414278 -0.0504672 0.0240345 -0.0975396 -0.0246446 -4.72105 297.525
62760 0.12541 0.467309 0.0732045 -0.00544226 -0.0969802 -0.0250251 -4.72064 299.595
62880 0.12565 0.365712 -0.0750306 -0.016237 -0.097721 -0.0251011 -4.72023 302.765
63000 0.12589 0.53743 0.062778 0.0275166 -0.0970725 -0.02499 -4.72004 302.256
63120 0.12613 0.463894 -0.0369699 -0.0410563 -0.0977719 -0.0253797 -4.72083 298.942
63240 0.12637 0.530312 0.0149259 0.0506038 -0.0976657 -0.0249691 -4.72094 296.399
63360 0.12661 0.484053 0.00985392 -0.0290747 -0.0976089 -0.0255441 -4.72046 299.68
63480 0.12685 0.451306 -0.0393308 -0.00762445 -0.0979865 -0.0256083 -4.72022 302.598
63600 0.12709 0.502042 0.0494183 0.025043 -0.0978149 -0.0255128 -4.72042 301.552
63720 0.12733 0.449559 -0.0473911 -0.0343088 -0.0983524 -0.0258217 -4.72055 300.394
63840 0.12757 0.528317 0.042441 0.0253978 -0.098048 -0.0255858 -4.7205 299.287
63960 0.12781 0.49903 -0.0150465 0.00640886 -0.098306 -0.0258204 -4.72052 299.794
64080 0.12805 0.444102 -0.0102496 -0.047614 -0.098359 -0.0260927 -4.72056 299.928
64200 0.12829 0.504081 0.0131511 0.0673625 -0.0985352 -0.0256731 -4.72031 300.302
64320 0.12853 0.498219 -0.00169656 -0.0361131 -0.098389 -0.0262814 -4.71956 306.145
64440 0.12877 0.588121 -0.0178302 0.00986456 -0.0983911 -0.0261764 -4.71977 303.41
64560 0.12901 0.55351 0.0439465 0.0115701 -0.0984313 -0.0263324 -4.72035 300.071
64680 0.12925 0.480693 -0.0473916 -0.029964 -0.0990435 -0.0266126 -4.72059 298.938
64800 0.12949 0.529179 0.0252915 0.0249143 -0.0989144 -0.0263831 -4.72065 298.094
64920 0.12973 0.518406 0.00557963 -0.00135173 -0.0990361 -0.0266661 -4.72057 298.238
65040 0.12997 0.454814 -0.0331561 -0.0303533 -0.0993061 -0.0267105 -4.72003 301.071
65160 0.13021 0.568468 0.0350578 0.0509858 -0.0990669 -0.0264701 -4.71995 304.439
65280 0.13045 0.532735 -0.0185056 -0.0337829 -0.0992687 -0.0270934 -4.72033 300.17
65400 0.13069 0.531072 -0.00738077 -0.0213611 -0.0993319 -0.0271768 -4.72066 296.918
65520 0.13093 0.586092 0.0234893 0.0552169 -0.0992502 -0.026911 -4.72031 298.3
65640 0.13117 0.523372 -0.0264165 -0.0528238 -0.0994002 -0.0273934 -4.72004 302.637
65760 0.13141 0.582579 0.0440011 0.0365788 -0.0993273 -0.0270842 -4.72007 302.495
65880 0.13165 0.499139 -0.0527555 -0.0195381 -0.0999349 -0.0273725 -4.72012 300.093
66000 0.13189 0.5388 0.0211213 0.00170098 -0.0997551 -0.0274721 -4.72034 300.233
66120 0.13213 0.544352 0.0286491 0.0290232 -0.0997807 -0.0276004 -4.7205 297.397
66240 0.13237 0.511602 -0.0758225 -0.057622 -0.100167 -0.0280428 -4.72108 296.847
66360 0.13261 0.667185 0.0863241 0.0608378 -0.0996137 -0.0277012 -4.72054 294.552
66480 0.13285 0.499938 -0.0531661 -0.042256 -0.100253 -0.0279717 -4.72012 301.241
66600 0.13309 0.55918 -0.0029516 -0.0048549 -0.100098 -0.0277996 -4.71978 300.786
66720 0.13333 0.627549 0.0404994 0.0725003 -0.100086 -0.0277028 -4.72001 300.126
66840 0.13357 0.546446 -0.0498181 -0.113241 -0.100326 -0.0288163 -4.72069 297.289
66960 0.13381 0.66751 0.0483251 0.107065 -0.100203 -0.0279047 -4.72069 296.134
67080 0.13405 0.503213 -0.0116344 -0.0713852 -0.100436 -0.0287403 -4.71991 301.83
67200 0.13429 0.575957 -0.0677811 0.0153231 -0.100861 -0.0282364 -4.71988 303.242
67320 0.13453 0.637581 0.141218 0.0272992 -0.10004 -0.0287135 -4.72004 298.034
67440 0.13477 0.438944 -0.154653 -0.0231885 -0.101619 -0.0288179 -4.72042 298.553
67560 0.13501 0.596175 0.10132 -0.0352224 -0.100623 -0.0290423 -4.72 299.056
67680 0.13525 0.52991 -0.0633131 0.0764654 -0.101497 -0.0283061 -4.7195 304.17
67800 0.13549 0.508594 0.0403502 -0.1083 -0.100861 -0.029359 -4.71944 301.62
67920 0.13573 0.676137 -0.019348 0.124144 -0.101364 -0.0284051 -4.72025 299.529
68040 0.13597 0.585956 0.0247408 -0.0982448 -0.101006 -0.0295543 -4.72027 297.15
68160 0.13621 0.591846 -0.0453985 0.0576213 -0.101651 -0.0287911 -4.72026 300.318
68280 0.13645 0.603433 0.0795793 -0.00873233 -0.101145 -0.0294037 -4.71979 300.09
68400 0.13669 0.555731 -0.114874 -0.00778204 -0.101943 -0.0292304 -4.71946 305.067
68520 0.13693 0.63242 0.0971426 -0.0293957 -0.101046 -0.0297805 -4.71909 304.142
68640 0.13717 0.645868 -0.0366986 0.0816789 -0.101919 -0.0291838 -4.71975 300.546
68760 0.13741 0.568737 -0.00260111 -0.0937727 -0.101758 -0.030096 -4.71991 299.319
68880 0.13765 0.626555 0.00648073 0.0860379 -0.101888 -0.0295624 -4.71994 299.903
69000 0.13789 0.605523 0.0239982 -0.0667422 -0.101738 -0.0303355 -4.71998 299.917
69120 0.13813 0.556279 -0.0699551 0.0244567 -0.102356 -0.0298698 -4.72005 298.249
69240 0.13837 0.645694 0.0916028 0.00588121 -0.101804 -0.0301385 -4.72007 298.785
69360 0.13861 0.573972 -0.0790067 -0.00966874 -0.102574 -0.0301185 -4.71958 301.282
69480 0.13885 0.647895 0.0488025 -0.0141799 -0.102029 -0.030242 -4.71936 304.478
69600 0.13909 0.620487 -0.0227876 0.0561161 -0.10278 -0.0299864 -4.71973 300.163
69720 0.13933 0.586668 0.0167579 -0.071419 -0.102456 -0.0307537 -4.72019 297.281
69840 0.13957 0.654861 -0.0263301 0.0553398 -0.102688 -0.0302851 -4.71999 299.144
69960 0.13981 0.634626 0.0487151 -0.0493747 -0.102328 -0.030817 -4.71943 301.798
70080 0.14005 0.599328 -0.0690518 0.0453665 -0.103183 -0.0302835 -4.71906 305.615
70200 0.14029 0.631178 0.0839817 -0.0221826 -0.102415 -0.0309452 -4.71871 307.014
70320 0.14053 0.527232 -0.0987578 -0.0142229 -0.103397 -0.0308744 -4.71952 303.111
70440 0.14077 0.755771 0.102462 0.0334507 -0.102559 -0.0307532 -4.71962 297.306
70560 0.14101 0.63249 -0.086228 -0.00638828 -0.103467 -0.0310622 -4.72014 301.148
70680 0.14125 0.600025 0.047177 -0.0611531 -0.102957 -0.0315487 -4.71961 298.926
70800 0.14149 0.690352 -0.021828 0.128236 -0.103543 -0.030534 -4.71917 303.217
70920 0.14173 0.619658 0.0169028 -0.163175 -0.102929 -0.0320256 -4.71908 303.446
71040 0.14197 0.662531 -0.0500027 0.136822 -0.103847 -0.0307094 -4.71981 299.37
71160 0.14221 0.588573 0.107101 -0.083655 -0.103018 -0.0322017 -4.71994 297.876
71280 0.14245 0.618811 -0.144947 0.0316835 -0.104176 -0.031313 -4.71953 299.275
71400 0.14269 0.745727 0.156023 -0.0140502 -0.102859 -0.0319383 -4.71921 302.978
71520 0.14293 0.567316 -0.123566 0.038729 -0.104238 -0.0315961 -4.71911 302.975
71640 0.14317 0.658774 0.07901 -0.0709106 -0.103429 -0.0323939 -4.71966 298.319
71760 0.14341 0.661662 -0.055831 0.0970855 -0.104399 -0.0315448 -4.71993 297.021
71880 0.14365 0.626857 0.0454626 -0.111077 -0.103657 -0.0327295 -4.7197 300.482
72000 0.14389 0.668435 -0.066434 0.0916064 -0.10462 -0.0315762 -4.71905 302.699
72120 0.14413 0.694368 0.0937357 -0.0624519 -0.103739 -0.0326826 -4.71923 302.91
72240 0.14437 0.65421 -0.107048 0.0510509 -0.104942 -0.032016 -4.7199 296.781
72360 0.14461 0.706219 0.123106 -0.0189194 -0.103726 -0.0327847 -4.7199 298.569
72480 0.14485 0.637059 -0.103116 0.0144642 -0.104889 -0.0323992 -4.71927 300.358
72600 0.14509 0.70534 0.06585 -0.0373195 -0.104146 -0.0329124 -4.71894 303.111
72720 0.14533 0.736623 -0.0156978 0.0744233 -0.104734 -0.0323043 -4.7193 299.862
72840 0.14557 0.620015 -0.038285 -0.119536 -0.1047 -0.0336202 -4.72002 296.919
72960 0.14581 0.763872 0.050712 0.11596 -0.104729 -0.0324097 -4.71965 298.018
73080 0.14605 0.649894 -0.0272441 -0.082218 -0.105048 -0.0332869 -4.71908 300.618
73200 0.14629 0.720025 -0.0180996 0.0267282 -0.105213 -0.0328475 -4.71901 302.214
73320 0.14653 0.736116 0.0745433 0.0393669 -0.104815 -0.0330635 -4.71931 297.51
73440 0.14677 0.639502 -0.103843 -0.0659148 -0.105605 -0.0335857 -4.72029 297.303
73560 0.14701 0.756305 0.0845146 0.0471904 -0.104921 -0.0334003 -4.71952 296.064
73680 0.14725 0.665752 -0.0313907 0.00430399 -0.105471 -0.0336141 -4.71934 300.991
73800 0.14749 0.66338 -0.00700511 -0.0488916 -0.105405 -0.0339158 -4.71927 301.664
73920 0.14773 0.698435 0.0257231 0.063033 -0.105572 -0.0334986 -4.71964 298.522
74040 0.14797 0.655728 -0.03458 -0.0488262 -0.105762 -0.0341795 -4.72007 294.259
74160 0.14821 0.757403 0.0167575 0.0305647 -0.105598 -0.0339095 -4.7195 295.05
74280 0.14845 0.676635 0.0113128 -0.0146619 -0.105682 -0.0341964 -4.71934 299.51
74400 0.14869 0.679168 -0.0121381 -0.0064179 -0.10582 -0.0341329 -4.71906 301.781
74520 0.14893 0.758032 0.00098714 0.0283563 -0.105885 -0.0339144 -4.71889 301.49
74640 0.14917 0.68827 -0.0107298 -0.0428697 -0.105992 -0.034579 -4.71945 298.143
74760 0.14941 0.774135 0.0222982 0.0333306 -0.10601 -0.0342297 -4.71984 297.009
74880 0.14965 0.691784 -0.0165644 -0.0219837 -0.106321 -0.0344538 -4.71925 298.716
75000 0.14989 0.700395 -0.00697296 0.010585 -0.106393 -0.0343116 -4.7188 301.683
