# Time-averaged data for fix ss
# step strain sxx(GPa) syy(GPa) szz(GPa) eyy ezz pe/atom(eV) T(K)
20 0.00015 0.00837201 0.0867468 -0.244423 -3.12958e-05 0.000140509 -4.74881 292.461
40 0.00035 0.103571 0.130482 -0.119144 -0.00020348 0.000648331 -4.74998 302.234
60 0.00055 0.152279 0.117234 0.0310102 -0.000586246 0.00135447 -4.74991 302.392
80 0.00075 0.168986 0.068791 0.136899 -0.00116121 0.00201361 -4.74928 298.179
100 0.00095 0.166768 -0.0221841 0.170575 -0.00184188 0.00245093 -4.74876 295.05
120 0.00115 0.129784 -0.121107 0.174134 -0.00248016 0.00260188 -4.74877 296.538
140 0.00135 0.105485 -0.201908 0.137175 -0.00291256 0.00246477 -4.74893 299.706
160 0.00155 0.10476 -0.207471 0.0664975 -0.00301472 0.00210294 -4.74933 304.875
180 0.00175 0.0960944 -0.141504 0.00179074 -0.00277928 0.00163128 -4.7493 306.462
200 0.00195 0.126639 -0.0640667 -0.0416382 -0.00231028 0.00115708 -4.74876 303.598
220 0.00215 0.212433 -0.00667202 -0.0728991 -0.00173377 0.00075643 -4.74821 300.221
240 0.00235 0.29129 0.0728373 -0.0534122 -0.00115548 0.000473651 -4.7482 301.016
260 0.00255 0.339103 0.147016 -0.0360312 -0.00070441 0.0002847 -4.74834 302.807
280 0.00275 0.3795 0.167677 -0.0324554 -0.000496466 0.000160238 -4.74846 304.262
300 0.00295 0.421184 0.152983 -0.0405836 -0.000567018 9.32865e-05 -4.74826 302.773
320 0.00315 0.454758 0.11966 -0.0558919 -0.000891251 9.66058e-05 -4.74826 302.646
340 0.00335 0.45471 0.0687313 -0.0542141 -0.00140978 0.000191013 -4.7485 304.119
360 0.00355 0.42436 0.0132125 -0.0480834 -0.00203771 0.000375092 -4.74864 304.655
380 0.00375 0.393791 -0.0617363 -0.0396374 -0.00267679 0.000637898 -4.74858 303.512
400 0.00395 0.381096 -0.107402 -0.013633 -0.00320864 0.000961685 -4.7484 301.403
420 0.00415 0.414767 -0.096199 0.0409384 -0.003563 0.00130007 -4.7487 303.259
440 0.00435 0.456146 -0.0818873 0.103929 -0.00375163 0.00156392 -4.74869 302.816
460 0.00455 0.495001 -0.0716566 0.126716 -0.00380061 0.00165581 -4.74842 300.349
480 0.00475 0.533863 -0.0466733 0.108302 -0.00373104 0.00154043 -4.74854 301.043
500 0.00495 0.545446 -0.00750216 0.0950563 -0.00358665 0.00124266 -4.74876 302.392
520 0.00515 0.563825 0.00876182 0.0571869 -0.00342733 0.000793057 -4.7483 298.43
540 0.00535 0.605315 0.00654167 -0.0119469 -0.00328269 0.000257074 -4.74846 299.452
560 0.00555 0.623215 -0.0297337 -0.103757 -0.0031444 -0.000247354 -4.74839 298.743
580 0.00575 0.66602 -0.0216815 -0.139178 -0.00296569 -0.000580424 -4.74914 304.391
600 0.00595 0.699282 0.00586036 -0.134145 -0.00275512 -0.000681274 -4.7493 305.211
620 0.00615 0.715709 0.0571926 -0.0948921 -0.00255924 -0.000560309 -4.74855 298.467
640 0.00635 0.781126 0.16518 -0.00929836 -0.00247179 -0.000289427 -4.74862 298.183
660 0.00655 0.822043 0.214315 0.0519232 -0.00265201 -9.28622e-07 -4.74845 296.065
680 0.00675 0.814669 0.190714 0.103315 -0.00317936 0.000197044 -4.74895 299.335
700 0.00695 0.783873 0.0621858 0.076057 -0.00400361 0.000231078 -4.7489 298.344
720 0.00715 0.73215 -0.122988 -0.0245043 -0.0049105 0.000148835 -4.74842 294.276
740 0.00735 0.697783 -0.247998 -0.0797526 -0.00560591 0.000101433 -4.7489 297.985
760 0.00755 0.726937 -0.305011 -0.0846016 -0.00588511 0.000181649 -4.74909 299.631
780 0.00775 0.828592 -0.261938 -0.0357206 -0.00566573 0.000394394 -4.74892 298.305
800 0.00795 0.94392 -0.0762958 0.0623122 -0.0050369 0.000655609 -4.74874 297.133
820 0.00815 1.0321 0.118813 0.172992 -0.00429352 0.000805817 -4.74845 295.512
840 0.00835 1.09658 0.237084 0.252013 -0.00375302 0.000666536 -4.74876 299.078
860 0.00855 1.10584 0.245376 0.191182 -0.00360443 0.000129484 -4.74877 300.604
880 0.00875 1.03179 0.137129 0.0082253 -0.00385016 -0.000695731 -4.74795 296.004
900 0.00895 0.940289 0.00230536 -0.166802 -0.00431367 -0.00151389 -4.7482 300.351
920 0.00915 0.880404 -0.109513 -0.278041 -0.0047704 -0.00203964 -4.74854 305.515
940 0.00935 0.883211 -0.181092 -0.31497 -0.00503632 -0.00209783 -4.74794 302.691
960 0.00955 0.97064 -0.134683 -0.227042 -0.00501131 -0.00164946 -4.74749 300.506
980 0.00975 1.09151 0.0185241 -0.0208847 -0.00478114 -0.00085693 -4.74787 304.608
1000 0.00995 1.19553 0.136712 0.151528 -0.00458391 -5.03728e-05 -4.74742 301.973
1020 0.01015 1.27433 0.179979 0.248409 -0.00460933 0.000486106 -4.74687 298.426
1040 0.01035 1.28896 0.178951 0.267734 -0.00492649 0.000600163 -4.74751 303.954
1060 0.01055 1.23858 0.0853403 0.179665 -0.00551328 0.000281306 -4.74789 307.151
1080 0.01075 1.16875 -0.0843654 0.0461513 -0.00620633 -0.000317046 -4.74781 306.288
1100 0.01095 1.11647 -0.24291 -0.107919 -0.0067316 -0.000962168 -4.74745 302.834
1120 0.01115 1.10198 -0.263676 -0.196488 -0.00685538 -0.0014099 -4.74771 303.762
1140 0.01135 1.12779 -0.16253 -0.183533 -0.0065588 -0.00152816 -4.74785 303.327
1160 0.01155 1.20808 -0.0286875 -0.0950111 -0.00601268 -0.00134873 -4.74736 297.817
1180 0.01175 1.33154 0.123639 0.050389 -0.00544789 -0.00103017 -4.74771 299.115
1200 0.01195 1.42541 0.221626 0.140087 -0.00510499 -0.000801437 -4.74792 299.711
1220 0.01215 1.45843 0.205104 0.141448 -0.00512558 -0.000801902 -4.74767 297.034
1240 0.01235 1.46699 0.121876 0.100522 -0.00547388 -0.0010311 -4.74832 301.737
1260 0.01255 1.41538 -0.00240126 0.00475835 -0.00600034 -0.00140784 -4.74823 300.811
1280 0.01275 1.34648 -0.103379 -0.107117 -0.00650124 -0.00177138 -4.74758 295.709
1300 0.01295 1.33149 -0.112564 -0.130374 -0.00682311 -0.00195524 -4.74819 300.772
1320 0.01315 1.33841 -0.0828745 -0.116728 -0.00695031 -0.00192031 -4.74808 300.148
1340 0.01335 1.36795 -0.0168793 -0.081278 -0.00694133 -0.00169662 -4.74732 294.518
1360 0.01355 1.41616 0.065126 0.00715442 -0.00690816 -0.00135706 -4.74751 296.615
1380 0.01375 1.45869 0.0900889 0.0795998 -0.00697513 -0.00104037 -4.74763 298.367
1400 0.01395 1.51382 0.0638271 0.117747 -0.00718089 -0.000864286 -4.74783 300.927
1420 0.01415 1.56461 0.00102074 0.100503 -0.00747859 -0.000881989 -4.74783 301.783
1440 0.01435 1.5766 -0.0984865 0.0544782 -0.00776063 -0.00106194 -4.74749 299.938
1460 0.01455 1.57816 -0.16845 0.00523623 -0.00787272 -0.00132425 -4.74721 298.561
1480 0.01475 1.60587 -0.140876 -0.0115876 -0.00771759 -0.00159119 -4.74758 302.286
1500 0.01495 1.62838 -0.0615182 -0.0277876 -0.00734192 -0.0018283 -4.74717 299.935
1520 0.01515 1.67039 0.0600958 -0.00509616 -0.00688352 -0.00201767 -4.74699 299.391
1540 0.01535 1.72043 0.170188 0.0184177 -0.00653844 -0.00219265 -4.74701 300.639
1560 0.01555 1.74228 0.194009 -0.0109335 -0.00647338 -0.00238398 -4.74677 300.099
1580 0.01575 1.73262 0.162581 -0.0380999 -0.00672478 -0.00255277 -4.74679 301.743
1600 0.01595 1.68165 0.0831632 -0.0973143 -0.00723142 -0.0026476 -4.74643 300.787
1620 0.01615 1.65669 -0.0247478 -0.14657 -0.00785654 -0.00257808 -4.74632 302.082
1640 0.01635 1.70598 -0.114489 -0.11041 -0.00842473 -0.00228042 -4.74698 309.616
1660 0.01655 1.7496 -0.153843 -0.0544006 -0.00879347 -0.00180799 -4.74604 304.329
1680 0.01675 1.81408 -0.100396 0.0744436 -0.0089112 -0.00126965 -4.74608 306.236
1700 0.01695 1.85844 -0.0166006 0.197654 -0.00886384 -0.000870201 -4.7462 308.343
1720 0.01715 1.88367 0.049839 0.20927 -0.00878699 -0.000793833 -4.74569 304.952
1740 0.01735 1.88972 0.0805901 0.18933 -0.00879054 -0.00106704 -4.74576 305.513
1760 0.01755 1.83394 0.0305698 0.0966967 -0.0089156 -0.00163921 -4.74551 303.016
1780 0.01775 1.77846 -0.0464805 -0.0485418 -0.0090845 -0.00235124 -4.7458 304.306
1800 0.01795 1.76935 -0.0791672 -0.175706 -0.00917878 -0.00296792 -4.7465 308.091
1820 0.01815 1.77488 -0.0645388 -0.245362 -0.00914572 -0.00328348 -4.7463 303.93
1840 0.01835 1.83671 -0.0106528 -0.175309 -0.00901207 -0.00320353 -4.74627 301.023
1860 0.01855 1.96017 0.0508168 -0.0452162 -0.00886512 -0.00284104 -4.74659 301.616
1880 0.01875 2.07215 0.0587114 0.0434673 -0.00879686 -0.00240265 -4.7462 297.552
1900 0.01895 2.15195 0.0593629 0.128097 -0.00882722 -0.00204594 -4.74635 298.412
1920 0.01915 2.18218 0.057541 0.17213 -0.00895628 -0.0019048 -4.74661 300.48
1940 0.01935 2.16239 0.0353891 0.131394 -0.0091756 -0.00204218 -4.7463 298.06
1960 0.01955 2.12742 0.0295736 0.059578 -0.00945344 -0.0023942 -4.74644 299.307
1980 0.01975 2.0598 0.00192706 -0.0241318 -0.00977256 -0.00283893 -4.7464 299.277
2000 0.01995 2.02067 -0.0450888 -0.111601 -0.0100877 -0.00323563 -4.74672 302.074
2020 0.02015 2.01311 -0.0917383 -0.173389 -0.0103222 -0.00344297 -4.74656 301.036
2040 0.02035 2.0099 -0.0822952 -0.172936 -0.0104092 -0.00336493 -4.74559 293.632
2060 0.02055 2.08083 -0.0387867 -0.0670954 -0.0103629 -0.00301328 -4.74578 295.57
2080 0.02075 2.1939 -0.00837556 0.0846973 -0.0102495 -0.00255976 -4.74655 302.418
2100 0.02095 2.27473 0.0444071 0.174682 -0.0101277 -0.00224422 -4.74645 302.484
2120 0.02115 2.32913 0.0687062 0.184351 -0.010077 -0.00221452 -4.7458 298.228
2140 0.02135 2.36152 0.0361983 0.139846 -0.0101334 -0.0024888 -4.74552 296.909
2160 0.02155 2.32711 0.0028491 0.0454686 -0.0102499 -0.00298836 -4.74552 298.065
2180 0.02175 2.26996 -0.00621078 -0.0522834 -0.0103742 -0.00356016 -4.74611 304.159
2200 0.02195 2.23077 -0.0311361 -0.158696 -0.0104836 -0.00403664 -4.74579 303.104
2220 0.02215 2.22261 -0.0250293 -0.224242 -0.0105451 -0.00424751 -4.74499 298.284
2240 0.02235 2.26567 0.0186656 -0.180649 -0.0105691 -0.00409547 -4.74486 298.809
2260 0.02255 2.34025 0.0659512 -0.0623717 -0.0106253 -0.00365133 -4.74538 304.578
2280 0.02275 2.40027 0.0608667 0.0560475 -0.0107838 -0.00310418 -4.74538 306.297
2300 0.02295 2.43273 0.0121333 0.16446 -0.0110362 -0.00265448 -4.74472 302.514
2320 0.02315 2.46594 -0.0214813 0.212327 -0.0113096 -0.00247657 -4.74479 304.306
2340 0.02335 2.47885 -0.054469 0.175149 -0.0115449 -0.00264571 -4.74495 306.444
2360 0.02355 2.42868 -0.0852603 0.0880014 -0.0116876 -0.00310276 -4.7445 303.495
2380 0.02375 2.3973 -0.0758559 -0.0348965 -0.0116924 -0.00369926 -4.7441 300.53
2400 0.02395 2.42399 -0.0408607 -0.133821 -0.0115743 -0.00423613 -4.74435 302.524
2420 0.02415 2.46398 -0.0226298 -0.170596 -0.0113853 -0.00455286 -4.74467 304.63
2440 0.02435 2.51044 0.014989 -0.151579 -0.0111633 -0.00458776 -4.74457 302.773
2460 0.02455 2.58311 0.0762922 -0.0797533 -0.01097 -0.00437462 -4.74448 300.309
2480 0.02475 2.65211 0.141892 0.0260038 -0.0109068 -0.00403295 -4.7447 300.037
2500 0.02495 2.70144 0.142494 0.116618 -0.0110716 -0.00373495 -4.74482 299.221
2520 0.02515 2.69667 0.0788965 0.127971 -0.0114654 -0.00362295 -4.74451 295.412
2540 0.02535 2.66906 0.00437043 0.0895348 -0.0119884 -0.00372093 -4.74489 297.674
2560 0.02555 2.64318 -0.0663144 0.0235055 -0.0125164 -0.00396548 -4.74542 301.534
2580 0.02575 2.59137 -0.132312 -0.048091 -0.0129306 -0.00424724 -4.74502 298.251
2600 0.02595 2.55769 -0.149696 -0.0900329 -0.013128 -0.00445129 -4.74475 296.174
2620 0.02615 2.56855 -0.106286 -0.114717 -0.0130832 -0.00450344 -4.74463 295.502
2640 0.02635 2.63391 -0.0250749 -0.0534569 -0.0128661 -0.00437547 -4.745 299.008
2660 0.02655 2.71892 0.0730254 0.0411359 -0.0126108 -0.00416235 -4.74485 298.57
2680 0.02675 2.80943 0.115134 0.0988187 -0.0124696 -0.0040131 -4.74421 294.561
2700 0.02695 2.86674 0.114109 0.127636 -0.0125168 -0.00402845 -4.74443 297.614
2720 0.02715 2.8656 0.0406765 0.0572821 -0.0127437 -0.00424422 -4.74426 297.889
2740 0.02735 2.83435 -0.0645984 -0.0451777 -0.0130337 -0.00455134 -4.74392 297.239
2760 0.02755 2.81242 -0.111107 -0.0843654 -0.0132242 -0.00479221 -4.74438 303.007
2780 0.02775 2.81059 -0.0930376 -0.092688 -0.0132363 -0.00489335 -4.74422 303.896
2800 0.02795 2.82779 -0.0146604 -0.0514126 -0.0131019 -0.00484572 -4.7438 302.433
2820 0.02815 2.85887 0.0658595 -0.0049174 -0.0129424 -0.00471104 -4.74299 297.666
2840 0.02835 2.9118 0.129075 0.0430335 -0.0128906 -0.00456799 -4.74284 298.19
2860 0.02855 2.96898 0.153254 0.0877827 -0.0130511 -0.00449795 -4.74372 306.64
2880 0.02875 2.96879 0.0649688 0.0532635 -0.0134517 -0.00456418 -4.74338 305.096
2900 0.02895 2.93872 -0.0521754 -0.0227693 -0.0139589 -0.00471432 -4.74281 301.386
2920 0.02915 2.91806 -0.133166 -0.0538925 -0.0143852 -0.00483368 -4.74317 304.638
2940 0.02935 2.89561 -0.178944 -0.0504194 -0.014593 -0.00486661 -4.74292 302.922
2960 0.02955 2.91992 -0.122405 -0.0287535 -0.0145166 -0.00481674 -4.74286 302.544
2980 0.02975 2.96459 -0.00122165 0.00451503 -0.0142442 -0.00471918 -4.74276 301.798
3000 0.02995 3.03759 0.0869436 0.0631933 -0.013963 -0.00463287 -4.74258 300.499
3020 0.03015 3.11734 0.133976 0.102965 -0.0138217 -0.00465074 -4.74263 301.132
3040 0.03035 3.15325 0.111253 0.0787904 -0.0138949 -0.00483374 -4.7426 301.174
3060 0.03055 3.1471 0.024724 0.0188118 -0.0141461 -0.0051465 -4.74263 301.679
3080 0.03075 3.13742 -0.0788669 -0.0552683 -0.0144379 -0.0054909 -4.74266 302.146
3100 0.03095 3.14156 -0.151032 -0.119453 -0.0146027 -0.00574422 -4.74244 300.588
3120 0.03115 3.1484 -0.104524 -0.11461 -0.0145323 -0.00580679 -4.74255 301.489
3140 0.03135 3.18657 0.0146624 -0.04752 -0.0142954 -0.0056844 -4.74277 303.179
3160 0.03155 3.22663 0.134194 0.0310115 -0.0140815 -0.00548179 -4.74259 301.521
3180 0.03175 3.24915 0.210838 0.077984 -0.0140863 -0.00532566 -4.74262 301.384
3200 0.03195 3.23564 0.168723 0.0724663 -0.0144287 -0.00529295 -4.74245 299.501
3220 0.03215 3.21563 0.0399458 0.014282 -0.0150459 -0.00537591 -4.74221 297.148
3240 0.03235 3.19849 -0.080427 -0.0614112 -0.0157357 -0.00548017 -4.74224 297.1
3260 0.03255 3.20157 -0.143717 -0.0696974 -0.0163039 -0.00549241 -4.74286 301.83
3280 0.03275 3.22955 -0.175414 -0.0671618 -0.0166368 -0.00538634 -4.74233 297.513
3300 0.03295 3.27668 -0.131776 -0.0196355 -0.0166896 -0.00517234 -4.74198 294.633
3320 0.03315 3.33718 -0.0537485 0.0821013 -0.0165256 -0.0049323 -4.74212 295.962
3340 0.03335 3.36781 0.015018 0.148842 -0.0162687 -0.00482373 -4.7421 296.253
3360 0.03355 3.37668 0.0619254 0.165824 -0.016032 -0.00496127 -4.7423 298.64
3380 0.03375 3.35539 0.0885507 0.0862144 -0.015895 -0.00536689 -4.74216 298.6
3400 0.03395 3.35311 0.0678036 -0.0341316 -0.0158982 -0.00591597 -4.74198 298.566
3420 0.03415 3.35988 0.0184657 -0.103244 -0.0160118 -0.00641963 -4.74195 300.274
3440 0.03435 3.35886 -0.0386117 -0.156018 -0.0161557 -0.00675289 -4.74146 298.893
3460 0.03455 3.38403 -0.053917 -0.174478 -0.0162424 -0.00682863 -4.74134 300.763
3480 0.03475 3.43667 -0.0586366 -0.124771 -0.0162404 -0.00661876 -4.7411 301.763
3500 0.03495 3.49995 -0.0418372 -0.0124076 -0.0161418 -0.0062041 -4.74069 301.153
3520 0.03515 3.56423 0.0443893 0.10845 -0.0159827 -0.00576587 -4.74088 304.789
3540 0.03535 3.61239 0.126197 0.170219 -0.0158959 -0.00549874 -4.7409 306.6
3560 0.03555 3.60657 0.151637 0.171776 -0.0160127 -0.00551119 -4.74069 305.957
3580 0.03575 3.55068 0.116847 0.0947644 -0.0163786 -0.0058042 -4.73996 300.762
3600 0.03595 3.4856 0.0130561 -0.00274216 -0.0169332 -0.00625908 -4.73961 298.452
3620 0.03615 3.44251 -0.0942004 -0.0967853 -0.0175149 -0.00671343 -4.74036 304.789
3640 0.03635 3.44005 -0.183711 -0.176121 -0.0179444 -0.0070084 -4.74062 307.042
3660 0.03655 3.46862 -0.192085 -0.189643 -0.0180808 -0.00701622 -4.74035 304.478
3680 0.03675 3.5138 -0.101326 -0.112457 -0.0179098 -0.00671563 -4.74035 303.567
3700 0.03695 3.5941 0.0377843 0.0302134 -0.0175745 -0.00623107 -4.74049 303.376
3720 0.03715 3.68071 0.141353 0.176154 -0.0172954 -0.00579482 -4.74035 301.003
3740 0.03735 3.7392 0.150168 0.234227 -0.0172369 -0.00564176 -4.73989 296.386
3760 0.03755 3.76844 0.110239 0.190212 -0.0174251 -0.00587192 -4.7402 298.172
3780 0.03775 3.74666 -0.00827361 0.0541765 -0.0177874 -0.00641388 -4.74019 298.006
3800 0.03795 3.68668 -0.132983 -0.114707 -0.0181369 -0.00704609 -4.7396 293.767
3820 0.03815 3.69495 -0.152509 -0.19671 -0.0182811 -0.00750027 -4.74031 300.093
3840 0.03835 3.72561 -0.0806871 -0.166858 -0.0181834 -0.00763993 -4.74106 306.624
3860 0.03855 3.73547 -0.000749233 -0.0907311 -0.0179498 -0.00750349 -4.74019 300.213
3880 0.03875 3.76296 0.0995565 -0.00193023 -0.0177168 -0.00721361 -4.73943 294.66
3900 0.03895 3.81616 0.181943 0.0837404 -0.0176472 -0.00691842 -4.73979 298.226
3920 0.03915 3.84928 0.166366 0.10439 -0.0178685 -0.00675348 -4.73978 298.964
3940 0.03935 3.8524 0.085492 0.0530122 -0.018362 -0.00675412 -4.73936 296.701
3960 0.03955 3.81939 -0.023371 -0.00849027 -0.0189986 -0.00684351 -4.73931 297.469
3980 0.03975 3.76325 -0.127672 -0.0184324 -0.0196006 -0.00692705 -4.73951 300.5
4000 0.03995 3.74754 -0.202393 -0.00929522 -0.0199962 -0.00698237 -4.73942 301.241
4020 0.04015 3.77823 -0.210201 -0.00944615 -0.0200649 -0.00702005 -4.73914 300.453
4040 0.04035 3.82494 -0.130835 0.0136085 -0.0197947 -0.00704638 -4.73926 302.746
4060 0.04055 3.86928 -0.026218 0.0172368 -0.0193051 -0.00709214 -4.7386 298.959
4080 0.04075 3.92985 0.105105 0.0240979 -0.018772 -0.00716795 -4.73844 299.315
4100 0.04095 4.01475 0.194845 0.0416244 -0.0184058 -0.00728742 -4.73897 305.401
4120 0.04115 4.05101 0.180539 0.0296197 -0.0183487 -0.00747372 -4.73867 305.152
4140 0.04135 4.04218 0.12882 -0.0102282 -0.0185906 -0.00770776 -4.73824 303.88
4160 0.04155 4.02302 0.036347 -0.0633621 -0.0190439 -0.00792424 -4.73775 302.33
4180 0.04175 3.99484 -0.0481699 -0.0968142 -0.0195634 -0.00803754 -4.73762 303.819
4200 0.04195 3.97497 -0.109963 -0.0972649 -0.0200093 -0.00799251 -4.73762 306.385
4220 0.04215 3.97799 -0.140383 -0.0840081 -0.0202778 -0.00778298 -4.73703 304.122
4240 0.04235 4.00916 -0.0859015 -0.0215039 -0.0203261 -0.0074359 -4.73707 306.425
4260 0.04255 4.04492 0.00421814 0.0942744 -0.0202354 -0.00705734 -4.73738 310.3
4280 0.04275 4.06763 0.0661855 0.177249 -0.0201462 -0.00683049 -4.73698 307.936
4300 0.04295 4.07919 0.110142 0.176688 -0.0201653 -0.00689071 -4.73647 304.021
4320 0.04315 4.06331 0.11604 0.11338 -0.0203655 -0.00724467 -4.73662 304.742
4340 0.04335 4.05762 0.00986757 -0.0145662 -0.0207451 -0.00778534 -4.7369 305.816
4360 0.04355 4.0627 -0.111564 -0.136926 -0.0211439 -0.00830793 -4.73757 309.429
4380 0.04375 4.03862 -0.187973 -0.207534 -0.0213658 -0.00860983 -4.73736 305.572
4400 0.04395 4.04928 -0.167803 -0.171607 -0.0212884 -0.0085773 -4.73679 299.399
4420 0.04415 4.1759 -0.0444186 -0.0315157 -0.0209441 -0.00826897 -4.73735 302.879
4440 0.04435 4.29086 0.053709 0.0830258 -0.0205153 -0.00789785 -4.73697 299.537
4460 0.04455 4.34321 0.152584 0.16684 -0.0201733 -0.00766042 -4.73681 298.432
4480 0.04475 4.35403 0.221809 0.184424 -0.0200807 -0.00769555 -4.73726 302.136
4500 0.04495 4.31484 0.151394 0.0998531 -0.0203393 -0.00802998 -4.73664 297.502
4520 0.04515 4.26006 0.0305286 -0.0162394 -0.0208484 -0.00853448 -4.7365 296.8
4540 0.04535 4.21468 -0.0515698 -0.13393 -0.0214207 -0.00901659 -4.73709 301.997
4560 0.04555 4.17038 -0.132325 -0.228738 -0.0219106 -0.0092775 -4.73649 297.99
4580 0.04575 4.18879 -0.139565 -0.196221 -0.0221942 -0.00917249 -4.7368 300.933
4600 0.04595 4.26462 -0.0868707 -0.0938677 -0.0222554 -0.00874241 -4.7369 302.231
4620 0.04615 4.35135 -0.014039 0.0368297 -0.022174 -0.00815194 -4.73628 297.835
4640 0.04635 4.43182 0.067498 0.175306 -0.0220703 -0.00762037 -4.73626 298.193
4660 0.04655 4.45261 0.0833807 0.236267 -0.02207 -0.00737 -4.73621 298.514
4680 0.04675 4.45407 0.0366355 0.215194 -0.0221991 -0.00750903 -4.73579 296.029
4700 0.04695 4.43462 0.00374299 0.110288 -0.022395 -0.00800352 -4.73549 294.758
4720 0.04715 4.39671 -0.046478 -0.00121055 -0.0225959 -0.00869051 -4.73585 299.1
4740 0.04735 4.35909 -0.107908 -0.113557 -0.0227188 -0.00938162 -4.73587 301.13
4760 0.04755 4.33084 -0.135001 -0.232581 -0.0226667 -0.00988294 -4.73524 298.305
4780 0.04775 4.33384 -0.0705083 -0.248387 -0.0224017 -0.0100098 -4.7355 302.566
4800 0.04795 4.42873 0.0584783 -0.164882 -0.0220243 -0.00972994 -4.73584 307.387
4820 0.04815 4.54696 0.175583 -0.0331821 -0.0217404 -0.00917394 -4.73539 305.641
4840 0.04835 4.61384 0.18775 0.110749 -0.0217326 -0.00855824 -4.73393 295.809
4860 0.04855 4.6894 0.169619 0.222713 -0.0220373 -0.00812182 -4.73414 299.16
4880 0.04875 4.71111 0.0975551 0.229833 -0.0226216 -0.00804609 -4.73497 307.435
4900 0.04895 4.63614 -0.0704949 0.116992 -0.0233581 -0.00834353 -4.73466 306.509
4920 0.04915 4.54555 -0.217859 -0.0402927 -0.0239828 -0.00883433 -4.73419 304.046
4940 0.04935 4.52665 -0.272577 -0.143105 -0.024258 -0.00926671 -4.73416 304.62
4960 0.04955 4.5408 -0.205415 -0.159409 -0.0240965 -0.00946967 -4.73385 302.425
4980 0.04975 4.58419 -0.0365405 -0.0763322 -0.0236067 -0.00941802 -4.73414 304.418
5000 0.04995 4.64698 0.133471 0.0271793 -0.023053 -0.00923908 -4.73413 303.351
5020 0.05015 4.71141 0.25257 0.100581 -0.0227145 -0.00910106 -4.73418 302.022
5040 0.05035 4.70726 0.239275 0.119112 -0.0227786 -0.00912637 -4.73394 298.157
5060 0.05055 4.69199 0.100838 0.04659 -0.0232252 -0.00933947 -4.73358 293.839
5080 0.05075 4.67899 -0.0306876 -0.0308881 -0.0238451 -0.00963275 -4.73461 301.197
5100 0.05095 4.6607 -0.146008 -0.0928362 -0.0244152 -0.00987607 -4.73492 303.296
5120 0.05115 4.64739 -0.201849 -0.117673 -0.0247503 -0.00996733 -4.73403 296.234
5140 0.05135 4.69554 -0.152214 -0.0731604 -0.0247654 -0.0098704 -4.73371 293.974
5160 0.05155 4.801 -0.047186 -0.00586346 -0.0245335 -0.00965162 -4.73388 296.04
5180 0.05175 4.86334 0.0665333 0.0616169 -0.0242231 -0.00942251 -4.73409 298.664
5200 0.05195 4.86739 0.141511 0.101721 -0.0240171 -0.00929299 -4.73379 297.549
5220 0.05215 4.8627 0.155547 0.103454 -0.0240397 -0.0093305 -4.73354 297.007
5240 0.05235 4.84827 0.0943143 0.0552983 -0.0243104 -0.00953644 -4.73311 295.203
5260 0.05255 4.8203 0.0271462 -0.0192903 -0.0247413 -0.00983369 -4.73312 297.301
5280 0.05275 4.80951 -0.0601649 -0.0715292 -0.0252155 -0.0101025 -4.73322 300.348
5300 0.05295 4.78782 -0.123248 -0.076256 -0.0255948 -0.010259 -4.73321 302.537
5320 0.05315 4.76785 -0.124968 -0.0877699 -0.0257787 -0.0102847 -4.73246 298.848
5340 0.05335 4.77938 -0.068301 -0.0678774 -0.025763 -0.0101659 -4.73209 298.064
5360 0.05355 4.83771 -0.000545657 0.00779589 -0.0256362 -0.00994039 -4.73273 305.128
5380 0.05375 4.8713 0.0297279 0.0515626 -0.0255004 -0.00972048 -4.73214 302.262
5400 0.05395 4.90688 0.0829275 0.0672977 -0.0254175 -0.00958252 -4.73148 298.558
5420 0.05415 4.96025 0.106802 0.0796905 -0.0254684 -0.00955759 -4.73186 302.904
5440 0.05435 4.97134 0.0474525 0.0751909 -0.025686 -0.00966567 -4.73197 304.905
5460 0.05455 4.96134 -0.0307474 0.0439765 -0.0259829 -0.00989932 -4.73176 304.016
5480 0.05475 4.9409 -0.0699382 -0.0167873 -0.0262385 -0.0102059 -4.73156 302.963
5500 0.05495 4.91618 -0.0907394 -0.0740025 -0.0263822 -0.0104882 -4.73102 299.087
5520 0.05515 4.91701 -0.0821509 -0.0923134 -0.0263785 -0.0106533 -4.73074 297.426
5540 0.05535 4.95054 -0.000325112 -0.0450989 -0.0262488 -0.0106733 -4.73152 304.115
5560 0.05555 4.98558 0.0772958 0.017371 -0.0261146 -0.0106185 -4.73164 305.525
5580 0.05575 5.03379 0.0999735 0.0382574 -0.0260999 -0.010586 -4.73113 301.873
5600 0.05595 5.05381 0.0822996 0.0217723 -0.0262475 -0.0106127 -4.73066 298.537
5620 0.05615 5.03503 0.044553 -0.0134562 -0.026534 -0.0106746 -4.73072 299.633
5640 0.05635 5.02747 -0.0179909 -0.0489851 -0.0268966 -0.0107141 -4.73098 302.293
5660 0.05655 5.02578 -0.0692499 -0.0426941 -0.0272384 -0.0106776 -4.73071 300.803
5680 0.05675 5.04763 -0.0971551 -0.0171792 -0.027473 -0.0105688 -4.73023 297.71
5700 0.05695 5.09151 -0.0550729 0.0385239 -0.0275612 -0.0104333 -4.73055 300.945
5720 0.05715 5.14314 -0.00689987 0.0724718 -0.0275584 -0.0103564 -4.73044 300.813
5740 0.05735 5.14725 0.0161229 0.0776843 -0.0275405 -0.0103981 -4.7302 299.621
5760 0.05755 5.13104 0.0184347 0.0579288 -0.0275455 -0.0105701 -4.73 298.764
5780 0.05775 5.13602 0.0349653 0.0206756 -0.0275851 -0.0108445 -4.73011 300.395
5800 0.05795 5.13997 0.0338071 -0.0470316 -0.0276817 -0.0111575 -4.72988 299.321
5820 0.05815 5.14305 0.0173746 -0.106201 -0.0278361 -0.0113998 -4.72986 299.948
5840 0.05835 5.14368 -0.00631548 -0.104802 -0.0280246 -0.0114771 -4.73047 305.395
5860 0.05855 5.14342 -0.066571 -0.0844534 -0.0282011 -0.0113782 -4.72979 300.479
5880 0.05875 5.16365 -0.0577433 -0.0351841 -0.0282828 -0.0111349 -4.72903 294.622
5900 0.05895 5.2234 -0.00324196 0.0396262 -0.0282758 -0.0108261 -4.72924 296.502
5920 0.05915 5.29771 0.0190769 0.104244 -0.0282568 -0.0105725 -4.72963 299.944
5940 0.05935 5.3273 0.0459587 0.12618 -0.0282705 -0.0104832 -4.72941 298.476
5960 0.05955 5.32055 0.0638747 0.0940471 -0.0283603 -0.0105998 -4.72872 293.309
5980 0.05975 5.30833 0.0537404 0.0653393 -0.0285586 -0.0108852 -4.72913 297.014
6000 0.05995 5.25982 0.00104034 0.0209936 -0.0288499 -0.0112925 -4.72911 297.581
6020 0.06015 5.20631 -0.0573023 -0.0563596 -0.0291535 -0.0117471 -4.72859 294.45
6040 0.06035 5.1916 -0.0853162 -0.139856 -0.0293772 -0.0121219 -4.72888 298.09
6060 0.06055 5.19634 -0.104064 -0.199719 -0.0294665 -0.0122738 -4.72892 300.112
6080 0.06075 5.25427 -0.0922453 -0.172143 -0.0293863 -0.0121003 -4.72869 300.053
6100 0.06095 5.33344 0.0211764 -0.0405122 -0.0291632 -0.0116376 -4.72845 300.143
6120 0.06115 5.40408 0.134218 0.126004 -0.0289647 -0.0110897 -4.72787 297.826
6140 0.06135 5.45194 0.174014 0.223125 -0.0289743 -0.0107263 -4.72741 296.654
6160 0.06155 5.43251 0.137511 0.188049 -0.0292697 -0.0107138 -4.72698 296.02
6180 0.06175 5.40278 0.0468823 0.0908906 -0.0298029 -0.0110183 -4.7274 302.113
6200 0.06195 5.34685 -0.0618028 -0.0255859 -0.030435 -0.0114901 -4.72776 307.495
6220 0.06215 5.27599 -0.167567 -0.136636 -0.0309873 -0.0119364 -4.72731 305.932
6240 0.06235 5.25383 -0.233274 -0.192312 -0.0312813 -0.0121722 -4.72661 301.827
6260 0.06255 5.29265 -0.167491 -0.149844 -0.0312125 -0.0121001 -4.72662 302.926
6280 0.06275 5.3684 -0.0251204 -0.0408794 -0.0308686 -0.0117768 -4.7269 305.761
6300 0.06295 5.4233 0.10313 0.0682351 -0.0304664 -0.0113696 -4.72619 300.745
6320 0.06315 5.47003 0.162268 0.161447 -0.0302142 -0.0110634 -4.72574 297.633
6340 0.06335 5.5344 0.14497 0.201756 -0.0302162 -0.0110166 -4.72627 302.197
6360 0.06355 5.54102 0.0863897 0.159971 -0.0304588 -0.011305 -4.72689 307.146
6380 0.06375 5.47851 -0.0337188 0.0173737 -0.030846 -0.0118641 -4.72604 300.225
6400 0.06395 5.42957 -0.0962133 -0.12326 -0.0311992 -0.0124735 -4.72588 298.447
6420 0.06415 5.42233 -0.0851489 -0.202409 -0.0314115 -0.0128998 -4.72586 297.714
6440 0.06435 5.43558 -0.0283768 -0.206041 -0.031493 -0.0130033 -4.72603 298.508
6460 0.06455 5.4613 0.0389728 -0.146295 -0.0315305 -0.0127649 -4.72636 300.44
6480 0.06475 5.50438 0.0683918 -0.0364984 -0.0316279 -0.0122742 -4.72624 298.688
6500 0.06495 5.56884 0.0815134 0.078545 -0.0318426 -0.0117053 -4.7262 297.682
6520 0.06515 5.6042 0.0377931 0.15158 -0.0321921 -0.0112464 -4.72569 293.193
6540 0.06535 5.61987 -0.0328631 0.203037 -0.032612 -0.0110323 -4.72581 294.164
6560 0.06555 5.62429 -0.0950903 0.183835 -0.0329914 -0.0111511 -4.72629 298.351
6580 0.06575 5.60856 -0.188696 0.0630045 -0.0332142 -0.0115728 -4.72521 290.73
6600 0.06595 5.60223 -0.199743 -0.0270825 -0.0331394 -0.0121206 -4.72508 291.052
6620 0.06615 5.61705 -0.103298 -0.0741769 -0.032742 -0.0126431 -4.72575 298.292
6640 0.06635 5.58979 0.0391674 -0.12247 -0.032166 -0.0130502 -4.72543 298.474
6660 0.06655 5.59189 0.178305 -0.123665 -0.031641 -0.0132646 -4.72461 295.557
6680 0.06675 5.65417 0.252644 -0.0755094 -0.0313937 -0.0132794 -4.72438 298.258
6700 0.06695 5.70844 0.229863 -0.0215099 -0.0315519 -0.0131663 -4.72445 303.351
6720 0.06715 5.73896 0.123858 -0.0396458 -0.0320885 -0.0130019 -4.72401 303.03
6740 0.06735 5.70953 -0.0152316 -0.0571402 -0.0328396 -0.0127661 -4.72365 301.997
6760 0.06755 5.67654 -0.141461 -0.0184726 -0.0335824 -0.0124377 -4.72358 302.768
6780 0.06775 5.69578 -0.204605 0.00447423 -0.0341093 -0.0120666 -4.72263 296.502
6800 0.06795 5.74033 -0.1589 0.110164 -0.03432 -0.0117108 -4.72308 301.256
6820 0.06815 5.77812 -0.104319 0.215586 -0.034267 -0.0115372 -4.72328 303.94
6840 0.06835 5.76396 -0.00560587 0.205485 -0.0340457 -0.011711 -4.72282 301.254
6860 0.06855 5.73944 0.10094 0.111067 -0.0338139 -0.0122282 -4.72317 304.559
6880 0.06875 5.71522 0.0893072 -0.0587089 -0.0337271 -0.0129303 -4.72247 299.512
6900 0.06895 5.66023 0.0639378 -0.172462 -0.0337873 -0.0135519 -4.72257 300.669
6920 0.06915 5.6331 0.0570829 -0.217977 -0.0339582 -0.013898 -4.72344 307.621
6940 0.06935 5.64723 -0.0023338 -0.224722 -0.0342175 -0.0138819 -4.72282 302.412
6960 0.06955 5.68297 -0.0440553 -0.134367 -0.0344804 -0.0134982 -4.72247 299.023
6980 0.06975 5.773 -0.0640672 -0.010178 -0.0346757 -0.0128839 -4.72215 296.051
7000 0.06995 5.87813 -0.0530021 0.138864 -0.0347718 -0.0122485 -4.72243 298.096
7020 0.07015 5.96758 -0.0345727 0.246654 -0.0347805 -0.0118362 -4.72292 302.064
7040 0.07035 5.98071 0.00425651 0.243095 -0.0347344 -0.0118231 -4.72216 296.141
7060 0.07055 5.9756 0.0576008 0.179192 -0.034697 -0.0122173 -4.72198 294.98
7080 0.07075 5.92584 0.0726722 0.0505495 -0.0347497 -0.0129115 -4.72196 295.376
7100 0.07095 5.84712 0.0285692 -0.0774519 -0.0349142 -0.0136991 -4.72181 295.214
7120 0.07115 5.78426 -0.017814 -0.191273 -0.0351289 -0.0143636 -4.7218 296.552
7140 0.07135 5.75854 -0.0605852 -0.274952 -0.0353139 -0.0147108 -4.72139 295.181
7160 0.07155 5.76181 -0.0105167 -0.23351 -0.0354149 -0.0146148 -4.72206 302.52
7180 0.07175 5.80191 0.0647635 -0.147516 -0.0355009 -0.014126 -4.7216 301.103
7200 0.07195 5.8295 0.141865 0.00698919 -0.0356959 -0.0133942 -4.72093 298.049
7220 0.07215 5.85502 0.154164 0.147312 -0.0361184 -0.0126675 -4.72046 296.867
7240 0.07235 5.86618 0.0624237 0.198637 -0.0367816 -0.0121741 -4.72014 297.205
7260 0.07255 5.85155 -0.0738849 0.194298 -0.0375421 -0.0120098 -4.72053 303.241
7280 0.07275 5.79428 -0.193324 0.141264 -0.0381819 -0.0121674 -4.72037 304.588
7300 0.07295 5.73778 -0.250928 0.0632813 -0.0385091 -0.0125601 -4.71973 301.639
7320 0.07315 5.74672 -0.192339 -0.019133 -0.0384408 -0.0130578 -4.71996 305.025
7340 0.07335 5.78595 -0.0994762 -0.0764508 -0.0380589 -0.0135251 -4.71995 306.068
7360 0.07355 5.78524 0.00775341 -0.0946719 -0.0375165 -0.0138669 -4.71932 301.902
7380 0.07375 5.80309 0.0852991 -0.0808442 -0.0369844 -0.014052 -4.71866 297.478
7400 0.07395 5.85753 0.143669 -0.0439909 -0.0365935 -0.014103 -4.71877 299.184
7420 0.07415 5.9368 0.163803 -0.00640425 -0.0364359 -0.0140795 -4.71917 303.193
7440 0.07435 5.98332 0.139145 0.00268546 -0.0365426 -0.0140408 -4.71933 305.139
7460 0.07455 5.97428 0.10345 -0.013695 -0.0368779 -0.0140028 -4.71889 302.128
7480 0.07475 5.92625 0.0544679 -0.0159301 -0.0373805 -0.0139438 -4.7182 297.128
7500 0.07495 5.90322 0.010114 0.0124244 -0.0379723 -0.0138634 -4.71851 300.102
7520 0.07515 5.94729 -0.0661327 0.000791835 -0.0385713 -0.0137976 -4.71869 302.161
7540 0.07535 5.96653 -0.129784 -0.0336547 -0.0390604 -0.0137295 -4.71842 300.751
7560 0.07555 5.93026 -0.123564 -0.0197241 -0.0393437 -0.0136129 -4.71829 300.341
7580 0.07575 5.87193 -0.0463289 0.0172375 -0.039432 -0.0134666 -4.71826 300.637
7600 0.07595 5.84963 0.039222 0.0439147 -0.0394441 -0.0133478 -4.71798 299.121
7620 0.07615 5.85412 0.111048 0.0768488 -0.0395185 -0.0133047 -4.71785 298.774
7640 0.07635 5.82469 0.137129 0.0990044 -0.0397694 -0.0133913 -4.71807 301.268
7660 0.07655 5.76785 0.062665 0.0369994 -0.0402289 -0.0136305 -4.71735 296.364
7680 0.07675 5.72935 -0.0300028 -0.0358959 -0.0407882 -0.0139314 -4.71737 297.569
7700 0.07695 5.68401 -0.0855684 -0.106289 -0.0413005 -0.0141701 -4.71758 300.346
7720 0.07715 5.63864 -0.0908148 -0.144628 -0.0416778 -0.0142329 -4.71743 300.349
7740 0.07735 5.59906 -0.0575582 -0.10614 -0.0419098 -0.0140629 -4.71683 296.848
7760 0.07755 5.62177 0.0190802 -0.0104584 -0.042053 -0.0137235 -4.71719 300.847
7780 0.07775 5.64279 0.0829495 0.0615923 -0.0422246 -0.0133631 -4.71677 298.732
7800 0.07795 5.65105 0.0945281 0.11577 -0.0425239 -0.0131061 -4.7162 295.546
7820 0.07815 5.62337 0.0677781 0.123825 -0.0429721 -0.0130388 -4.7162 296.884
7840 0.07835 5.55126 -0.00762592 0.0770208 -0.0435215 -0.0131721 -4.71615 297.86
7860 0.07855 5.52652 -0.0777277 0.0200302 -0.0440561 -0.0134341 -4.71709 306.473
7880 0.07875 5.49466 -0.120585 -0.062656 -0.0444656 -0.013724 -4.71735 309.308
7900 0.07895 5.44061 -0.144756 -0.108014 -0.0446771 -0.0139116 -4.71617 300.438
7920 0.07915 5.42544 -0.0628579 -0.0630865 -0.0446667 -0.0139302 -4.71588 298.428
7940 0.07935 5.42712 0.0555111 -0.00791927 -0.0445588 -0.0138436 -4.71586 298.737
7960 0.07955 5.4535 0.133355 0.018195 -0.0445359 -0.0137386 -4.71587 299.445
7980 0.07975 5.46815 0.159851 0.0543105 -0.0447229 -0.0136671 -4.71595 300.674
8000 0.07995 5.41432 0.146696 0.0574444 -0.045166 -0.0136825 -4.716 301.613
8020 0.08015 5.29551 0.070828 -0.00614153 -0.0458377 -0.0137845 -4.71579 300.379
8040 0.08035 5.15135 0.00342928 -0.0735321 -0.0466226 -0.0138752 -4.71533 297.196
8060 0.08055 5.07811 -0.0181258 -0.0875172 -0.0474149 -0.0138498 -4.71604 303.205
8080 0.08075 5.03423 -0.0514201 -0.0520756 -0.048168 -0.0136847 -4.71635 305.738
8100 0.08095 4.97246 -0.0743192 0.00982766 -0.0488311 -0.0134374 -4.71557 299.401
8120 0.08115 4.92226 -0.0635448 0.0704267 -0.0493709 -0.0132097 -4.71519 295.963
8140 0.08135 4.86763 -0.0140426 0.0903788 -0.0498066 -0.0130959 -4.71578 300.122
8160 0.08155 4.77302 0.0407331 0.0883865 -0.0502155 -0.0131328 -4.71662 305.993
8180 0.08175 4.64234 0.0364014 0.0528597 -0.0506753 -0.0133115 -4.71629 302.106
8200 0.08195 4.50154 0.0381537 0.00558657 -0.0511884 -0.0135744 -4.71647 302.064
8220 0.08215 4.3863 0.0510504 -0.0394943 -0.0517574 -0.0138428 -4.71717 305.98
8240 0.08235 4.27331 0.0235916 -0.067554 -0.0523924 -0.0140436 -4.71715 304.483
8260 0.08255 4.16813 0.0134944 -0.0727554 -0.0530572 -0.0141315 -4.71726 304.3
8280 0.08275 4.05352 0.0169723 -0.0465879 -0.0537334 -0.0141017 -4.71727 303.722
8300 0.08295 3.93091 -0.00405359 -0.0133021 -0.0544182 -0.013996 -4.71726 303.176
8320 0.08315 3.83503 -0.0300074 -0.0118504 -0.0550804 -0.0138657 -4.71763 305.621
8340 0.08335 3.73224 -0.0320676 -0.0107539 -0.0556834 -0.0137183 -4.71791 307.168
8360 0.08355 3.64426 -0.0132128 0.0335456 -0.0562227 -0.0135637 -4.71822 308.519
8380 0.08375 3.54877 0.0173166 0.0658697 -0.0567293 -0.0134664 -4.71799 305.362
8400 0.08395 3.45021 0.0161948 0.0732213 -0.0572436 -0.0134766 -4.71799 303.905
8420 0.08415 3.36606 0.0151672 0.0757907 -0.0577701 -0.0136069 -4.71875 308.278
8440 0.08435 3.27285 -0.00812916 0.060497 -0.0583014 -0.0138558 -4.71852 304.962
8460 0.08455 3.15222 -0.0218418 0.0338706 -0.0588065 -0.0141954 -4.71879 305.527
8480 0.08475 3.00372 -0.0583251 -0.00899453 -0.0592577 -0.0145777 -4.71917 306.977
8500 0.08495 2.8804 -0.112392 -0.0634514 -0.0596002 -0.0149306 -4.71893 303.596
8520 0.08515 2.80619 -0.116711 -0.0664179 -0.059763 -0.0151753 -4.71837 297.974
8540 0.08535 2.77961 -0.0681324 -0.000235438 -0.0597446 -0.0153137 -4.71898 301.85
8560 0.08555 2.75105 0.0164563 0.0561387 -0.0596254 -0.0154455 -4.71948 304.808
8580 0.08575 2.71042 0.0926702 0.0639204 -0.0595348 -0.0156586 -4.7189 299.253
8600 0.08595 2.68831 0.0911496 0.024934 -0.0595817 -0.015963 -4.71877 297.409
8620 0.08615 2.65501 0.0327267 -0.0260069 -0.0597619 -0.0162961 -4.71912 299.607
8640 0.08635 2.60105 -0.021421 -0.032832 -0.0599887 -0.0165828 -4.71925 300.138
8660 0.08655 2.54283 -0.0711506 -0.0457604 -0.0601743 -0.016805 -4.71873 295.691
8680 0.08675 2.5007 -0.0701804 -0.0613647 -0.0602495 -0.0169439 -4.71823 291.792
8700 0.08695 2.47669 -0.0309856 -0.0231491 -0.0602175 -0.0169868 -4.71845 293.991
8720 0.08715 2.4503 0.00409026 0.00713977 -0.0601368 -0.0169884 -4.71829 293.818
8740 0.08735 2.46808 0.0580476 0.0282094 -0.0600685 -0.0170009 -4.71882 299.434
8760 0.08755 2.46347 0.0767174 0.0190784 -0.0600876 -0.0170545 -4.71847 298.48
8780 0.08775 2.41945 0.0764635 0.00596952 -0.0602245 -0.0171369 -4.71788 295.758
8800 0.08795 2.40816 0.0572432 0.0246203 -0.0604745 -0.017232 -4.718 298.8
8820 0.08815 2.41477 0.00483496 0.0218235 -0.0608012 -0.0173607 -4.71789 300.127
8840 0.08835 2.35694 -0.0495349 -0.00767005 -0.0611263 -0.0175179 -4.71765 300.205
8860 0.08855 2.33365 -0.104521 -0.0588705 -0.0613627 -0.0176541 -4.7173 299.203
8880 0.08875 2.38769 -0.107867 -0.0912915 -0.061437 -0.0176926 -4.71776 304.239
8900 0.08895 2.43026 -0.0978034 -0.0789205 -0.0613408 -0.0175867 -4.71716 300.593
8920 0.08915 2.51638 -0.0332718 -0.0142392 -0.0611031 -0.0173618 -4.71703 300.416
8940 0.08935 2.64645 0.0415549 0.0757786 -0.0608218 -0.0171245 -4.71777 306.834
8960 0.08955 2.73297 0.072087 0.106373 -0.0606056 -0.0170085 -4.71725 303.115
8980 0.08975 2.7557 0.129633 0.103309 -0.0605144 -0.0170663 -4.71708 301.801
9000 0.08995 2.75156 0.143251 0.063201 -0.060622 -0.0172872 -4.71733 303.623
9020 0.09015 2.7343 0.11064 -0.0274303 -0.0609456 -0.0175976 -4.7175 304.535
9040 0.09035 2.71205 0.0513323 -0.103562 -0.0614304 -0.0178571 -4.71781 306.292
9060 0.09055 2.69602 -0.0252962 -0.151127 -0.0619784 -0.0179431 -4.71786 305.722
9080 0.09075 2.69511 -0.065139 -0.162352 -0.0624766 -0.0177838 -4.71762 302.668
9100 0.09095 2.74538 -0.0761044 -0.11347 -0.0628611 -0.0173714 -4.7173 299.21
9120 0.09115 2.82367 -0.055015 0.00694541 -0.0631207 -0.0167964 -4.71755 300.571
9140 0.09135 2.91375 -0.0310696 0.124746 -0.0632857 -0.0162496 -4.71784 302.623
9160 0.09155 2.95931 0.0118911 0.198705 -0.0634002 -0.0159185 -4.71769 301.331
9180 0.09175 2.97665 0.0498388 0.209091 -0.063529 -0.0159153 -4.71751 299.855
9200 0.09195 2.95463 0.0737865 0.14111 -0.0637303 -0.0162441 -4.71784 302.394
9220 0.09215 2.8659 0.0600518 0.00839738 -0.0640346 -0.0167844 -4.71785 302.315
9240 0.09235 2.76637 0.0337331 -0.142886 -0.0644215 -0.0173178 -4.71774 301.292
9260 0.09255 2.71853 0.00623755 -0.237083 -0.0648476 -0.017608 -4.71769 300.718
9280 0.09275 2.68173 0.00146423 -0.240656 -0.0652721 -0.0175132 -4.71724 297.03
9300 0.09295 2.6906 0.0215835 -0.129022 -0.0656879 -0.0170455 -4.71761 299.823
9320 0.09315 2.71088 0.0424953 0.0210388 -0.0661231 -0.0163885 -4.71784 301.53
9340 0.09335 2.75081 0.0594009 0.132201 -0.0666084 -0.0157837 -4.71769 300.303
9360 0.09355 2.74557 0.0315274 0.179791 -0.0671609 -0.0154082 -4.71691 294.214
9380 0.09375 2.71287 -0.0271631 0.167092 -0.0677371 -0.0153321 -4.71685 294.013
9400 0.09395 2.67117 -0.0849329 0.121597 -0.0682479 -0.0155268 -4.71747 299.48
9420 0.09415 2.59374 -0.113445 0.04925 -0.0686118 -0.0159086 -4.7175 300.561
9440 0.09435 2.51538 -0.110366 -0.0419187 -0.0687899 -0.0163513 -4.71695 297.277
9460 0.09455 2.45326 -0.050729 -0.077873 -0.0687993 -0.0167167 -4.71661 295.979
9480 0.09475 2.40359 0.0391747 -0.0685648 -0.0687341 -0.0169476 -4.71673 298.961
9500 0.09495 2.38093 0.107543 -0.0726177 -0.0687298 -0.017056 -4.71693 303.234
9520 0.09515 2.36629 0.13511 -0.0869632 -0.0688855 -0.0170401 -4.71662 303.575
9540 0.09535 2.35025 0.142338 -0.0609002 -0.0692424 -0.0168895 -4.71684 307.61
9560 0.09555 2.28655 0.0789501 -0.0341814 -0.0697962 -0.0166439 -4.71573 300.671
9580 0.09575 2.2313 -0.00406514 -0.00173585 -0.0704503 -0.016352 -4.71506 296.899
9600 0.09595 2.22477 -0.0724855 0.053701 -0.0710767 -0.0160706 -4.71584 304.397
9620 0.09615 2.2305 -0.133411 0.105294 -0.071569 -0.015887 -4.71659 311.248
9640 0.09635 2.19313 -0.155869 0.101325 -0.0718431 -0.0158726 -4.71578 305.25
9660 0.09655 2.18213 -0.0929402 0.0805045 -0.0718802 -0.0160222 -4.71584 305.424
9680 0.09675 2.16702 0.00129331 0.0449548 -0.0717771 -0.0162961 -4.71603 306.205
9700 0.09695 2.13429 0.0736102 -0.00763479 -0.0716768 -0.0166316 -4.71577 303.095
9720 0.09715 2.13661 0.0996356 -0.0438884 -0.0716868 -0.0169474 -4.71581 302.34
9740 0.09735 2.13049 0.0776696 -0.0807277 -0.0718438 -0.0171811 -4.71561 299.739
9760 0.09755 2.1177 0.0314288 -0.0860111 -0.0721132 -0.0172811 -4.71602 302.163
9780 0.09775 2.11757 -0.0417394 -0.0542505 -0.0724199 -0.017243 -4.71646 304.918
9800 0.09795 2.13557 -0.115769 -0.004426 -0.0726536 -0.0171197 -4.71623 302.522
9820 0.09815 2.16672 -0.120543 0.0362106 -0.0727123 -0.0169906 -4.71593 299.732
9840 0.09835 2.20402 -0.0470381 0.0679482 -0.0725942 -0.0169224 -4.71603 300.278
9860 0.09855 2.23417 0.0363541 0.0823546 -0.0724067 -0.0169655 -4.71616 301.1
9880 0.09875 2.27369 0.0830227 0.0344708 -0.0722748 -0.0171328 -4.71594 299.343
9900 0.09895 2.27717 0.0890317 -0.00915077 -0.0722674 -0.0173546 -4.71598 299.695
9920 0.09915 2.22189 0.0999251 -0.0178814 -0.0724 -0.0175633 -4.71632 302.405
9940 0.09935 2.17032 0.0727296 -0.0498469 -0.0726802 -0.0177348 -4.71598 299.634
9960 0.09955 2.16672 0.0262813 -0.0817949 -0.0730666 -0.0178221 -4.71539 295.091
9980 0.09975 2.18846 -0.00769458 -0.0664393 -0.0734904 -0.01778 -4.71566 297.459
10000 0.09995 2.2083 -0.0449267 -0.00373661 -0.0738958 -0.0176366 -4.71626 302.653
10020 0.10015 2.18933 -0.0895478 0.0466345 -0.0742242 -0.0174863 -4.71576 299.127
10040 0.10035 2.16511 -0.0837401 0.0816719 -0.0744175 -0.0174126 -4.71571 299.226
10060 0.10055 2.14284 -0.0640837 0.0910753 -0.0744799 -0.0174705 -4.71597 301.644
10080 0.10075 2.08572 -0.024331 0.0733014 -0.0744446 -0.0176741 -4.71582 300.866
10100 0.10095 2.03368 0.0655657 0.0207951 -0.0743793 -0.017992 -4.71594 302.06
10120 0.10115 1.98969 0.133863 -0.0665091 -0.0744129 -0.0183354 -4.71568 300.121
10140 0.10135 1.94728 0.168181 -0.102591 -0.0746498 -0.018575 -4.71572 300.247
10160 0.10155 1.91697 0.128879 -0.124768 -0.0751368 -0.0186452 -4.71562 299.067
10180 0.10175 1.85811 0.0123689 -0.131145 -0.0758083 -0.0185109 -4.71506 294.281
10200 0.10195 1.80926 -0.0647499 -0.0511359 -0.076499 -0.0181752 -4.7157 298.996
10220 0.10215 1.82925 -0.107671 0.0432895 -0.0770877 -0.0177604 -4.71643 304.462
10240 0.10235 1.85501 -0.147457 0.0933346 -0.0775027 -0.0174143 -4.71595 300.206
10260 0.10255 1.86375 -0.132732 0.121063 -0.0776937 -0.0172218 -4.71556 296.43
10280 0.10275 1.88303 -0.0741064 0.162684 -0.0776827 -0.0172334 -4.71593 298.662
10300 0.10295 1.87383 0.020864 0.150145 -0.0775631 -0.0175047 -4.71635 301.215
10320 0.10315 1.84289 0.0741371 0.0459165 -0.0774701 -0.0180074 -4.716 297.734
10340 0.10335 1.82352 0.0811897 -0.0890139 -0.0774863 -0.0185765 -4.71547 293.007
10360 0.10355 1.80446 0.0644722 -0.183852 -0.077625 -0.0190007 -4.716 296.958
10380 0.10375 1.76935 0.0414347 -0.223838 -0.0778615 -0.0191261 -4.71613 298.016
10400 0.10395 1.7952 0.0113563 -0.16634 -0.0781591 -0.018897 -4.71614 298.206
10420 0.10415 1.84294 -0.0259142 -0.0463577 -0.0784706 -0.0184047 -4.7157 295.134
10440 0.10435 1.92421 -0.0281707 0.0746327 -0.0787442 -0.0178395 -4.71536 293.292
10460 0.10455 2.00024 0.00741798 0.164001 -0.0789777 -0.0173973 -4.71569 297.332
10480 0.10475 1.98879 0.0248045 0.187605 -0.0792176 -0.0172192 -4.71551 297.897
10500 0.10495 1.92265 0.0251569 0.138476 -0.0794915 -0.0173413 -4.71534 298.906
10520 0.10515 1.87339 0.000543046 0.0345026 -0.079799 -0.0176828 -4.71541 301.958
10540 0.10535 1.79857 -0.0251647 -0.0744155 -0.0801043 -0.0180774 -4.71519 302.499
10560 0.10555 1.69275 0.0124467 -0.111026 -0.0803784 -0.0183575 -4.71519 304.264
10580 0.10575 1.59882 0.0556749 -0.101318 -0.080669 -0.0184597 -4.71471 301.758
10600 0.10595 1.53175 0.107387 -0.0973248 -0.0810452 -0.0183927 -4.71429 299.331
10620 0.10615 1.52092 0.123636 -0.0615107 -0.0815793 -0.0181714 -4.71534 308.065
10640 0.10635 1.49111 0.0763222 -0.00811847 -0.0822903 -0.0178529 -4.71544 308.928
10660 0.10655 1.41305 0.0146462 0.025359 -0.0831103 -0.0175206 -4.71515 306.111
10680 0.10675 1.31842 -0.0519134 0.0344168 -0.0839416 -0.0172293 -4.71519 305.535
10700 0.10695 1.23941 -0.10399 0.0705974 -0.0846835 -0.0170028 -4.71552 306.932
10720 0.10715 1.20756 -0.121122 0.118685 -0.0852593 -0.0168968 -4.7159 308.474
10740 0.10735 1.16575 -0.0816722 0.110799 -0.085649 -0.0169788 -4.71628 309.855
10760 0.10755 1.07797 -0.00040082 0.0304254 -0.0859142 -0.0172293 -4.71609 306.652
10780 0.10775 0.985005 0.0794751 -0.0438271 -0.0861745 -0.0175272 -4.7162 306.02
10800 0.10795 0.912426 0.118923 -0.0885766 -0.0865458 -0.0177524 -4.71644 306.475
10820 0.10815 0.842613 0.130751 -0.0902898 -0.087089 -0.0178365 -4.71721 310.916
10840 0.10835 0.773705 0.104371 -0.0964657 -0.0878162 -0.0177703 -4.71788 314.206
10860 0.10855 0.697561 0.0501973 -0.0740973 -0.0886847 -0.0175526 -4.71838 315.517
10880 0.10875 0.587184 -0.00852558 -0.0264375 -0.0896109 -0.0172222 -4.71856 313.952
10900 0.10895 0.510713 -0.0635104 0.0195965 -0.0905019 -0.0168552 -4.71866 311.801
10920 0.10915 0.446556 -0.0750406 0.0881166 -0.0912808 -0.0165335 -4.71952 315.685
10940 0.10935 0.364446 -0.083387 0.125544 -0.0919253 -0.0163584 -4.71989 315.573
10960 0.10955 0.310217 -0.108268 0.116295 -0.0924239 -0.016385 -4.72017 314.569
10980 0.10975 0.288777 -0.127426 0.0637073 -0.092747 -0.0165923 -4.72044 313.393
11000 0.10995 0.287445 -0.0972322 0.0033478 -0.0928778 -0.0168954 -4.72076 312.576
11020 0.11015 0.296811 -0.0401086 -0.0358847 -0.0928632 -0.0171985 -4.72122 312.853
11040 0.11035 0.316043 0.0242411 -0.056986 -0.0927903 -0.0174376 -4.72157 312.212
11060 0.11055 0.291503 0.0782459 -0.0542935 -0.092754 -0.0175814 -4.72091 303.837
11080 0.11075 0.259851 0.123255 -0.0158068 -0.0928346 -0.0176394 -4.72139 304.834
11100 0.11095 0.25289 0.123336 -0.00930902 -0.093092 -0.0176659 -4.72227 308.97
11120 0.11115 0.233788 0.045202 -0.0466529 -0.0935171 -0.0176693 -4.72153 300.458
11140 0.11135 0.208714 -0.0583209 -0.0230627 -0.0939963 -0.0176066 -4.72113 295.114
11160 0.11155 0.195282 -0.117822 0.0410967 -0.0943833 -0.0175139 -4.7218 298.619
11180 0.11175 0.186898 -0.127327 0.0716818 -0.0945926 -0.0174845 -4.72228 300.938
11200 0.11195 0.180835 -0.124702 0.0605994 -0.0946081 -0.0175658 -4.72157 294.065
11220 0.11215 0.196818 -0.0759971 0.0452478 -0.0944433 -0.0177434 -4.72135 291.468
11240 0.11235 0.235685 0.00632498 0.0207864 -0.0941728 -0.0179892 -4.72193 295.702
11260 0.11255 0.244364 0.0665291 -0.0112817 -0.0939137 -0.0182631 -4.72167 293.8
11280 0.11275 0.235474 0.100032 -0.040061 -0.0937552 -0.0185137 -4.72111 290.113
11300 0.11295 0.228311 0.113146 -0.0597668 -0.093747 -0.0186962 -4.72091 289.972
11320 0.11315 0.220148 0.088431 -0.0660612 -0.0939033 -0.0187803 -4.72128 294.992
11340 0.11335 0.236843 0.0183065 -0.067045 -0.0941836 -0.0187566 -4.72133 297.749
11360 0.11355 0.277031 -0.063249 -0.0658567 -0.0944847 -0.0186241 -4.7203 292.068
11380 0.11375 0.315649 -0.0814795 -0.0161148 -0.0946952 -0.0183939 -4.72023 294.053
11400 0.11395 0.326828 -0.0712805 0.0620049 -0.094784 -0.018145 -4.72048 298.537
11420 0.11415 0.335202 -0.0538301 0.115906 -0.094765 -0.0179962 -4.72043 300.409
11440 0.11435 0.337286 -0.0100379 0.145259 -0.0946698 -0.0180351 -4.72025 300.872
11460 0.11455 0.33848 0.019712 0.125734 -0.0945578 -0.0183028 -4.72007 301.088
11480 0.11475 0.324333 0.052744 0.0517924 -0.0944779 -0.0187645 -4.72053 306.011
11500 0.11495 0.289688 0.0674799 -0.0592677 -0.094475 -0.0192989 -4.7203 305.128
11520 0.11515 0.273351 0.0719041 -0.142575 -0.0945728 -0.0197349 -4.72071 308.736
11540 0.11535 0.265412 0.0218762 -0.176083 -0.0947695 -0.01994 -4.72074 308.689
11560 0.11555 0.264238 -0.0443074 -0.124785 -0.0949944 -0.0198695 -4.7207 307.318
11580 0.11575 0.28417 -0.0555819 -0.0558747 -0.0951577 -0.019599 -4.72045 303.808
11600 0.11595 0.325829 -0.0122479 0.0194346 -0.0952429 -0.0192403 -4.7203 300.852
11620 0.11615 0.342725 0.0470279 0.144782 -0.0953109 -0.0189255 -4.72099 304.386
11640 0.11635 0.335712 0.0762759 0.211322 -0.0954449 -0.0188406 -4.72143 305.902
11660 0.11655 0.312367 0.0489111 0.169751 -0.095685 -0.019085 -4.72097 300.211
11680 0.11675 0.262582 -0.0311162 0.0642323 -0.0959892 -0.0195954 -4.72082 297.36
11700 0.11695 0.237338 -0.109568 -0.0755522 -0.0962439 -0.0201991 -4.72132 300.024
11720 0.11715 0.230645 -0.134463 -0.168327 -0.0963386 -0.020681 -4.72189 303.343
11740 0.11735 0.226438 -0.0788683 -0.202847 -0.0962413 -0.0208918 -4.72167 300.481
11760 0.11755 0.259014 0.0215805 -0.134165 -0.0960332 -0.0207863 -4.72117 295.529
11780 0.11775 0.362429 0.0822959 -0.00953988 -0.0958536 -0.0204722 -4.7213 295.808
11800 0.11795 0.457301 0.113288 0.082083 -0.0957955 -0.0201396 -4.72147 296.766
11820 0.11815 0.493794 0.108631 0.14603 -0.0959038 -0.0199413 -4.72137 295.946
11840 0.11835 0.49297 0.0277886 0.109343 -0.0961638 -0.0199668 -4.72087 292.359
11860 0.11855 0.425279 -0.0654392 0.0334083 -0.0964613 -0.0201648 -4.72028 288.699
11880 0.11875 0.385694 -0.0784637 -0.0160301 -0.0966693 -0.0204197 -4.721 296.021
11900 0.11895 0.3751 -0.0579714 -0.0515921 -0.0967626 -0.0206483 -4.7214 301.23
11920 0.11915 0.396689 -0.0725722 -0.0804268 -0.0967624 -0.0207918 -4.72037 295.265
11940 0.11935 0.487193 -0.0561382 -0.06205 -0.0966578 -0.02081 -4.72032 296.772
11960 0.11955 0.54313 0.00177686 -0.00402785 -0.0964748 -0.0207332 -4.72048 299.855
11980 0.11975 0.5838 0.0643829 0.0229811 -0.0962959 -0.0206453 -4.72069 302.849
12000 0.11995 0.56855 0.107238 0.0218084 -0.0962116 -0.0205905 -4.7196 295.342
12020 0.12015 0.578798 0.132626 0.059423 -0.0962875 -0.020578 -4.72025 301.354
12040 0.12035 0.57582 0.0875933 0.084379 -0.0965536 -0.0206607 -4.72097 307.641
12060 0.12055 0.52194 -0.0246868 0.0412573 -0.0969411 -0.0208704 -4.71978 298.604
12080 0.12075 0.481992 -0.0979708 -0.0144927 -0.0972966 -0.0211455 -4.71974 298.55
12100 0.12095 0.448091 -0.128362 -0.0475866 -0.0975083 -0.0213991 -4.72039 303.861
12120 0.12115 0.4118 -0.0960887 -0.0416749 -0.0975351 -0.02158 -4.7208 307.053
12140 0.12135 0.394937 -0.0175337 -0.0241661 -0.0974232 -0.0216943 -4.72092 307.375
12160 0.12155 0.432504 0.0469017 -0.0267443 -0.0972831 -0.0217655 -4.72077 304.963
12180 0.12175 0.489452 0.0815153 -0.00855964 -0.097209 -0.0217964 -4.72016 298.655
12200 0.12195 0.498319 0.125224 0.0249042 -0.0972597 -0.0218156 -4.72026 297.9
12220 0.12215 0.472583 0.122746 0.0381415 -0.0974925 -0.0218721 -4.72125 304.27
12240 0.12235 0.407465 0.0519212 0.0275866 -0.0979018 -0.0219882 -4.72145 304.38
12260 0.12255 0.348223 -0.0689771 -0.037464 -0.0983823 -0.0221407 -4.72085 298.287
12280 0.12275 0.313428 -0.152229 -0.0858595 -0.0987654 -0.0222349 -4.72071 296.248
12300 0.12295 0.330139 -0.188439 -0.0630586 -0.0989252 -0.0221996 -4.72061 295.12
12320 0.12315 0.398819 -0.139646 0.0038722 -0.0988134 -0.0220671 -4.72061 295.153
12340 0.12335 0.502425 -0.0271888 0.0852127 -0.0984997 -0.0219424 -4.72106 298.928
12360 0.12355 0.580721 0.0672775 0.156758 -0.0981409 -0.0219556 -4.721 298.956
12380 0.12375 0.607734 0.139538 0.145388 -0.0978801 -0.0222131 -4.72115 300.477
12400 0.12395 0.593474 0.155845 0.0270683 -0.0978212 -0.0226931 -4.72113 300.697
12420 0.12415 0.557601 0.104827 -0.10369 -0.0979884 -0.023217 -4.72082 298.569
12440 0.12435 0.502456 4.93647e-05 -0.184828 -0.0983064 -0.0235795 -4.72009 293.353
12460 0.12455 0.500075 -0.0872413 -0.175651 -0.0986273 -0.0236543 -4.72028 295.679
12480 0.12475 0.518326 -0.100947 -0.103029 -0.0988274 -0.0234522 -4.72062 299.473
12500 0.12495 0.505527 -0.0762752 -0.029861 -0.0988806 -0.0230804 -4.71966 293.246
12520 0.12515 0.549825 -0.016258 0.0786261 -0.0988236 -0.0226645 -4.71968 295.045
12540 0.12535 0.62859 0.0528386 0.171492 -0.0987434 -0.0223734 -4.72029 301.615
12560 0.12555 0.680133 0.0781824 0.19724 -0.0987364 -0.0223517 -4.72045 304.359
12580 0.12575 0.679313 0.0564906 0.155029 -0.0988413 -0.0226438 -4.72028 303.954
12600 0.12595 0.632026 0.0125969 0.0336996 -0.0990286 -0.023178 -4.71977 300.438
12620 0.12615 0.558594 -0.0251983 -0.0782718 -0.099237 -0.0237714 -4.72004 302.853
12640 0.12635 0.502914 -0.0743687 -0.167237 -0.0994055 -0.024241 -4.71974 300.672
12660 0.12655 0.504222 -0.0765356 -0.189738 -0.0994693 -0.0244491 -4.72005 303.113
12680 0.12675 0.52163 -0.0331193 -0.138303 -0.0994241 -0.0243587 -4.72022 304.201
12700 0.12695 0.541602 0.0222002 -0.0327802 -0.09933 -0.0240505 -4.72022 303.736
12720 0.12715 0.593112 0.0770058 0.0638974 -0.099269 -0.0236857 -4.7203 303.799
12740 0.12735 0.660296 0.0979622 0.11195 -0.0993191 -0.023416 -4.72001 300.741
12760 0.12755 0.697236 0.0745201 0.133432 -0.0995113 -0.0233245 -4.72018 301.372
12780 0.12775 0.664787 0.0262033 0.11957 -0.0998138 -0.023446 -4.72011 300.147
12800 0.12795 0.612867 -0.0304949 0.0570905 -0.100156 -0.0237562 -4.71997 298.407
12820 0.12815 0.555621 -0.0836581 -0.0144546 -0.100456 -0.0241607 -4.72017 299.571
12840 0.12835 0.506707 -0.12927 -0.0877058 -0.100631 -0.0245429 -4.72003 298.256
12860 0.12855 0.507477 -0.118995 -0.117898 -0.100621 -0.0247908 -4.72042 301.091
12880 0.12875 0.547592 -0.0595942 -0.102808 -0.100437 -0.024854 -4.72054 301.829
12900 0.12895 0.623063 0.0237459 -0.0549158 -0.100166 -0.0247544 -4.72063 302.222
12920 0.12915 0.677153 0.103422 0.0116395 -0.0999273 -0.0245666 -4.72016 298.192
12940 0.12935 0.707675 0.159696 0.0760804 -0.0998399 -0.0243961 -4.72007 297.186
12960 0.12955 0.693458 0.15716 0.107943 -0.0999852 -0.0243439 -4.72016 297.795
12980 0.12975 0.660199 0.0717539 0.0770907 -0.100358 -0.0244588 -4.72009 297.344
13000 0.12995 0.616618 -0.0433498 0.00267507 -0.100839 -0.0246946 -4.72032 299.42
13020 0.13015 0.551744 -0.125464 -0.051257 -0.101264 -0.0249404 -4.72019 298.9
13040 0.13035 0.543467 -0.180202 -0.074577 -0.101506 -0.0251087 -4.71995 297.774
13060 0.13055 0.551601 -0.153618 -0.0559903 -0.101491 -0.0251627 -4.7202 301.064
13080 0.13075 0.597289 -0.0753275 -0.008703 -0.10125 -0.0251301 -4.72004 301.887
13100 0.13095 0.660284 0.0476234 0.0178126 -0.100899 -0.0250788 -4.71939 299.734
13120 0.13115 0.701373 0.154881 0.0453845 -0.100613 -0.025057 -4.71944 303.285
13140 0.13135 0.74334 0.171696 0.0417864 -0.100545 -0.0251041 -4.71953 306.512
13160 0.13155 0.731924 0.122512 0.0171904 -0.100727 -0.0252175 -4.71877 302.25
13180 0.13175 0.687555 0.0393475 0.00499872 -0.101093 -0.0253626 -4.71857 301.847
13200 0.13195 0.633555 -0.0292187 0.000507154 -0.101526 -0.0255192 -4.71921 307.561
13220 0.13215 0.560547 -0.0970052 -0.0246672 -0.101921 -0.0256758 -4.71919 307.649
13240 0.13235 0.541822 -0.149528 -0.0410187 -0.102178 -0.0257953 -4.71905 306.149
13260 0.13255 0.572148 -0.14613 -0.0283486 -0.102221 -0.0258545 -4.71906 305.347
13280 0.13275 0.612438 -0.0785596 -0.0205101 -0.102051 -0.025866 -4.71902 303.68
13300 0.13295 0.662652 0.0349394 0.037841 -0.101766 -0.0258523 -4.71997 309.369
13320 0.13315 0.680859 0.113293 0.081511 -0.101522 -0.025898 -4.71962 304.525
13340 0.13335 0.679003 0.162222 0.0609304 -0.101441 -0.0260687 -4.71934 300.373
13360 0.13355 0.64494 0.173854 0.0128398 -0.1016 -0.0263399 -4.71964 301.146
13380 0.13375 0.597528 0.0876237 -0.0496019 -0.102013 -0.0266362 -4.71989 301.879
13400 0.13395 0.526007 -0.030581 -0.101359 -0.102564 -0.0268593 -4.72035 304.369
13420 0.13415 0.461829 -0.140614 -0.125534 -0.103082 -0.0269249 -4.7201 301.403
13440 0.13435 0.432281 -0.196396 -0.0958067 -0.103406 -0.0267932 -4.71975 297.756
13460 0.13455 0.473082 -0.182914 -0.00346933 -0.103449 -0.0265106 -4.72006 299.534
13480 0.13475 0.575309 -0.108073 0.0792481 -0.103224 -0.0262128 -4.72001 298.559
13500 0.13495 0.687679 0.0282593 0.144392 -0.102838 -0.0260356 -4.72025 299.992
13520 0.13515 0.74549 0.143007 0.167393 -0.102482 -0.0260852 -4.72001 297.875
13540 0.13535 0.74732 0.180435 0.136101 -0.102322 -0.0264048 -4.71988 296.674
13560 0.13555 0.703931 0.133438 0.0252761 -0.102422 -0.0269452 -4.71943 293.261
13580 0.13575 0.628181 0.0592279 -0.0929222 -0.102723 -0.027541 -4.71966 295.65
13600 0.13595 0.534812 0.00045685 -0.166328 -0.103125 -0.0280066 -4.72046 302.859
13620 0.13615 0.48013 -0.0924006 -0.204261 -0.103533 -0.0282156 -4.72035 302.992
13640 0.13635 0.493357 -0.15752 -0.174896 -0.103815 -0.0281046 -4.72009 301.822
13660 0.13655 0.549301 -0.163206 -0.0842507 -0.103874 -0.0277111 -4.71929 296.398
13680 0.13675 0.654284 -0.0736013 0.0646646 -0.1037 -0.0271764 -4.71936 298.171
13700 0.13695 0.763003 0.0364715 0.191996 -0.103412 -0.026729 -4.71951 301.188
13720 0.13715 0.803534 0.101129 0.24001 -0.103165 -0.0265736 -4.71926 301.418
13740 0.13735 0.767044 0.126376 0.216923 -0.103059 -0.0268002 -4.71918 302.975
13760 0.13755 0.693064 0.0859566 0.110764 -0.103132 -0.0273795 -4.71897 303.232
13780 0.13775 0.591274 0.0265441 -0.0360691 -0.103337 -0.0281533 -4.71891 304.444
13800 0.13795 0.520261 -0.0273248 -0.188139 -0.103589 -0.028889 -4.71887 305.383
13820 0.13815 0.509118 -0.0596502 -0.291432 -0.103809 -0.029342 -4.71904 307.447
13840 0.13835 0.510657 -0.0546595 -0.261834 -0.103949 -0.0293491 -4.71964 312.115
13860 0.13855 0.536557 -0.045857 -0.138789 -0.10401 -0.0289386 -4.71886 305.17
13880 0.13875 0.635559 0.00438281 0.0139323 -0.10401 -0.028292 -4.71856 301.637
13900 0.13895 0.746632 0.0520538 0.135572 -0.104015 -0.0276431 -4.71871 301.779
13920 0.13915 0.807175 0.0724053 0.263724 -0.104096 -0.0272015 -4.71919 304.623
13940 0.13935 0.810637 0.0428 0.293826 -0.104283 -0.0271673 -4.71933 304.815
13960 0.13955 0.759181 -0.0168586 0.195061 -0.104536 -0.027598 -4.7193 303.608
13980 0.13975 0.692136 -0.0759569 0.0414668 -0.104771 -0.0283559 -4.71963 305.222
14000 0.13995 0.592026 -0.139145 -0.126861 -0.104897 -0.0292 -4.71924 301.468
14020 0.14015 0.527364 -0.128516 -0.232874 -0.104826 -0.0298669 -4.7192 300.577
14040 0.14035 0.535567 -0.0366563 -0.243126 -0.104568 -0.0301825 -4.71905 298.895
14060 0.14055 0.605022 0.0786173 -0.170784 -0.104252 -0.0301193 -4.71951 302.1
14080 0.14075 0.69678 0.146271 -0.0619203 -0.104039 -0.0297789 -4.71944 301.054
14100 0.14095 0.763962 0.19509 0.0439873 -0.10404 -0.0293269 -4.71891 296.52
14120 0.14115 0.807135 0.203923 0.121379 -0.104332 -0.0289306 -4.71938 299.897
14140 0.14135 0.758572 0.0812426 0.158942 -0.104922 -0.0287174 -4.7192 298.238
14160 0.14155 0.675992 -0.0931561 0.141221 -0.105645 -0.028752 -4.7192 298.2
14180 0.14175 0.590972 -0.223718 0.0797395 -0.10625 -0.0290128 -4.71927 298.883
14200 0.14195 0.545713 -0.273463 -0.00142108 -0.106542 -0.029408 -4.71963 301.801
14220 0.14215 0.524187 -0.234706 -0.087818 -0.106439 -0.0298086 -4.71933 299.485
14240 0.14235 0.537718 -0.107831 -0.118789 -0.105992 -0.0300826 -4.71914 297.953
14260 0.14255 0.621855 0.0603693 -0.0607721 -0.105376 -0.0301815 -4.7197 302.361
14280 0.14275 0.718753 0.184448 0.00620385 -0.104831 -0.0301839 -4.71955 301.222
14300 0.14295 0.781884 0.228002 0.0272179 -0.104542 -0.0301893 -4.71885 295.702
14320 0.14315 0.812014 0.237589 0.031161 -0.104588 -0.0302371 -4.71957 301.211
14340 0.14335 0.757354 0.170698 0.0192443 -0.104984 -0.030335 -4.7197 301.986
14360 0.14355 0.644243 0.0466395 -0.0169438 -0.10564 -0.030463 -4.71904 296.502
14380 0.14375 0.563541 -0.0982587 -0.062239 -0.106379 -0.0305648 -4.71893 295.403
14400 0.14395 0.551923 -0.22011 -0.0819303 -0.106986 -0.0305708 -4.72 303.808
14420 0.14415 0.550527 -0.269124 -0.0634965 -0.107285 -0.0304484 -4.71987 302.509
14440 0.14435 0.594651 -0.227976 0.00198307 -0.107195 -0.0302257 -4.71895 294.843
14460 0.14455 0.725562 -0.0760803 0.112659 -0.106776 -0.0300087 -4.72003 302.821
14480 0.14475 0.839426 0.0708213 0.168824 -0.106231 -0.0299623 -4.71992 301.506
14500 0.14495 0.869299 0.17369 0.169096 -0.105776 -0.0301841 -4.71915 294.848
14520 0.14515 0.863592 0.206376 0.0941269 -0.105565 -0.030676 -4.71878 291.55
14540 0.14535 0.844236 0.165342 -0.0284594 -0.105651 -0.0313246 -4.71961 298.041
14560 0.14555 0.733809 0.0993576 -0.140365 -0.105986 -0.0319406 -4.71996 301.102
14580 0.14575 0.596654 0.010316 -0.228804 -0.106472 -0.0323417 -4.71962 298.768
14600 0.14595 0.521012 -0.100044 -0.264323 -0.106979 -0.032384 -4.71917 295.725
14620 0.14615 0.559197 -0.171979 -0.192444 -0.10735 -0.0320125 -4.71942 298.392
14640 0.14635 0.67115 -0.179942 -0.0406448 -0.107476 -0.0313327 -4.71935 298.919
14660 0.14655 0.796717 -0.111083 0.132642 -0.107343 -0.0305786 -4.71924 299.42
14680 0.14675 0.924019 0.00850618 0.278142 -0.107049 -0.0300263 -4.7197 304.677
14700 0.14695 0.958693 0.0986243 0.338992 -0.10676 -0.0299087 -4.71906 301.274
14720 0.14715 0.928945 0.119344 0.283238 -0.106606 -0.030327 -4.71819 295.896
14740 0.14735 0.846106 0.1181 0.121306 -0.106627 -0.0311974 -4.71828 298.277
14760 0.14755 0.693648 0.0847264 -0.0959438 -0.106822 -0.0322658 -4.71863 302.911
14780 0.14775 0.575369 -0.0152855 -0.309307 -0.107134 -0.0331838 -4.7186 304.424
14800 0.14795 0.511095 -0.0901275 -0.387594 -0.107429 -0.0336242 -4.71885 307.64
14820 0.14815 0.514753 -0.103417 -0.330238 -0.107598 -0.0334588 -4.71855 305.752
14840 0.14835 0.606477 -0.055839 -0.185867 -0.10762 -0.0327707 -4.7178 299.783
14860 0.14855 0.74451 0.0484768 0.0606955 -0.107567 -0.031797 -4.71834 303.941
14880 0.14875 0.840987 0.105887 0.279724 -0.10758 -0.0309184 -4.71825 303.077
14900 0.14895 0.901514 0.0999291 0.383291 -0.107742 -0.0304793 -4.71818 302.121
14920 0.14915 0.896917 0.0290764 0.371263 -0.108044 -0.0306475 -4.71847 303.588
14940 0.14935 0.822777 -0.0708779 0.226467 -0.108383 -0.0313955 -4.71878 304.791
14960 0.14955 0.711323 -0.146885 -0.0168569 -0.108617 -0.032487 -4.71874 302.851
14980 0.14975 0.610525 -0.162773 -0.233081 -0.108638 -0.0335394 -4.71828 297.678
15000 0.14995 0.600703 -0.0876986 -0.323527 -0.108432 -0.0342185 -4.71894 301.413
