# Time-averaged data for fix ss
# step strain sxx(GPa) syy(GPa) szz(GPa) eyy ezz pe/atom(eV) T(K)
0 -1.21049e-15 0.0548566 -0.251729 -0.157322 8.76564e-16 3.36786e-16 -4.74814 295.103
10 0.0005 0.139764 -0.189526 -0.105063 4.99226e-05 3.02864e-05 -4.7483 296.463
20 0.001 0.238713 -0.089166 -0.0398432 0.000178452 0.000104518 -4.74847 298.05
30 0.0015 0.336091 0.0185466 0.0199242 0.000344455 0.000195811 -4.7484 297.928
40 0.002 0.426506 0.113241 0.0759985 0.000503269 0.000278903 -4.74822 296.977
50 0.0025 0.513931 0.184612 0.133836 0.000615207 0.000329889 -4.74823 297.645
60 0.003 0.600716 0.228802 0.183846 0.000650198 0.000324639 -4.74847 300.245
70 0.0035 0.68434 0.242 0.205949 0.000589602 0.000242719 -4.7487 302.712
80 0.004 0.757943 0.225918 0.194823 0.000427637 7.48983e-05 -4.74874 303.657
90 0.0045 0.819877 0.183307 0.161417 0.000171063 -0.000174597 -4.74863 303.466
100 0.005 0.863436 0.126235 0.112052 -0.000162536 -0.000491787 -4.74835 301.871
110 0.0055 0.892048 0.0616561 0.0445296 -0.000549032 -0.000855452 -4.74782 298.396
120 0.006 0.916739 -0.00358082 -0.0370398 -0.000960932 -0.00123684 -4.74731 295.242
130 0.0065 0.944764 -0.0606812 -0.116383 -0.00137053 -0.00160173 -4.74709 294.463
140 0.007 0.977695 -0.104055 -0.175955 -0.00175354 -0.00191706 -4.74714 296.009
150 0.0075 1.01075 -0.127627 -0.20239 -0.00209181 -0.00215826 -4.74744 299.655
160 0.008 1.04508 -0.129299 -0.196677 -0.00237563 -0.00231444 -4.74787 304.54
170 0.0085 1.08358 -0.111302 -0.174506 -0.00260445 -0.0023878 -4.74818 308.449
180 0.009 1.12765 -0.0824798 -0.148902 -0.00278568 -0.00238758 -4.74806 309.003
190 0.0095 1.17461 -0.0466049 -0.122306 -0.00293163 -0.00232478 -4.7475 306.068
200 0.01 1.22663 -0.00234901 -0.0882687 -0.00305769 -0.00221107 -4.74682 302.182
210 0.0105 1.2938 0.0395623 -0.0397144 -0.00318199 -0.00206122 -4.74644 300.573
220 0.011 1.36536 0.0829313 0.0196828 -0.00332247 -0.00189567 -4.74638 301.597
230 0.0115 1.43536 0.117675 0.0810533 -0.00349688 -0.00173917 -4.74645 303.575
240 0.012 1.49662 0.137985 0.135227 -0.00371945 -0.00161727 -4.74652 305.646
250 0.0125 1.54641 0.14602 0.17356 -0.00399854 -0.0015524 -4.74654 307.197
260 0.013 1.59036 0.140647 0.187353 -0.00433716 -0.00156016 -4.74642 307.607
270 0.0135 1.62544 0.121126 0.174738 -0.00473262 -0.00164596 -4.7462 307.055
280 0.014 1.65908 0.0734215 0.139171 -0.00517557 -0.00180413 -4.74586 305.485
290 0.0145 1.69797 -0.00366267 0.0874442 -0.00564525 -0.00201931 -4.74544 303.262
300 0.015 1.74039 -0.0887962 0.0333551 -0.00610957 -0.00226962 -4.74517 302.156
310 0.0155 1.78979 -0.157698 -0.0139886 -0.00653327 -0.00253213 -4.74521 303.448
320 0.016 1.84351 -0.19519 -0.0556815 -0.00688813 -0.00278652 -4.74546 306.379
330 0.0165 1.8952 -0.206036 -0.0911225 -0.00715887 -0.00301524 -4.74561 308.476
340 0.017 1.94526 -0.202661 -0.115744 -0.00734114 -0.00320375 -4.74547 308.109
350 0.0175 1.99644 -0.189036 -0.121077 -0.00743717 -0.00334242 -4.74504 305.301
360 0.018 2.04991 -0.160012 -0.102635 -0.00745369 -0.00342969 -4.74456 301.889
370 0.0185 2.11752 -0.108911 -0.0663892 -0.00740382 -0.00347359 -4.74438 300.621
380 0.019 2.20128 -0.0352778 -0.018184 -0.00730959 -0.00348958 -4.74461 302.411
390 0.0195 2.28697 0.0493605 0.0345268 -0.00720188 -0.00349791 -4.74494 304.862
400 0.02 2.36337 0.127469 0.0849313 -0.00711565 -0.00352061 -4.74507 305.528
410 0.0205 2.42812 0.188126 0.130433 -0.00708303 -0.00357869 -4.74508 305.115
420 0.021 2.47681 0.231875 0.162133 -0.00712913 -0.00369072 -4.74503 304.196
430 0.0215 2.51107 0.253355 0.165787 -0.0072715 -0.00386904 -4.7448 301.983
440 0.022 2.54774 0.23963 0.138658 -0.00751765 -0.00411444 -4.74448 299.213
450 0.0225 2.58333 0.197543 0.0958262 -0.007861 -0.00441531 -4.74424 297.369
460 0.023 2.61283 0.139033 0.0457745 -0.00828299 -0.00475313 -4.74425 297.683
470 0.0235 2.62468 0.0791691 -0.0108857 -0.00875836 -0.0051061 -4.74448 300.017
480 0.024 2.61731 0.0148299 -0.076431 -0.00926054 -0.00544971 -4.7446 301.641
490 0.0245 2.59908 -0.0550319 -0.149156 -0.00976162 -0.00575618 -4.74437 300.603
500 0.025 2.59354 -0.129908 -0.210678 -0.0102318 -0.00599591 -4.74394 298.128
510 0.0255 2.61855 -0.190649 -0.237316 -0.0106406 -0.0061449 -4.74367 296.962
520 0.026 2.67965 -0.215833 -0.221284 -0.0109646 -0.00619371 -4.74378 298.818
530 0.0265 2.76388 -0.198816 -0.177758 -0.0111946 -0.00615014 -4.74398 301.418
540 0.027 2.85338 -0.150526 -0.128644 -0.011339 -0.0060331 -4.74379 301.03
550 0.0275 2.93912 -0.0851539 -0.0779557 -0.011419 -0.00586418 -4.74318 297.366
560 0.028 3.02689 -0.0192769 -0.0127007 -0.0114621 -0.00566593 -4.74251 293.356
570 0.0285 3.11687 0.0443045 0.0713338 -0.0114963 -0.00546636 -4.74218 292.123
580 0.029 3.20427 0.103905 0.154465 -0.0115483 -0.00530001 -4.7422 293.797
590 0.0295 3.27104 0.155665 0.212624 -0.0116425 -0.00520037 -4.74227 295.964
600 0.03 3.31156 0.184365 0.237014 -0.0117993 -0.00519049 -4.74217 296.97
610 0.0305 3.33605 0.17997 0.231342 -0.0120292 -0.00527932 -4.74201 297.513
620 0.031 3.35746 0.147031 0.199408 -0.0123294 -0.00546292 -4.74187 298.328
630 0.0315 3.37722 0.0964654 0.145946 -0.012685 -0.00572633 -4.74168 298.724
640 0.032 3.38876 0.0413031 0.0821426 -0.0130743 -0.00604591 -4.74146 298.992
650 0.0325 3.39307 -0.00977928 0.0216655 -0.0134736 -0.00639401 -4.74132 299.982
660 0.033 3.40283 -0.0566856 -0.0264382 -0.0138611 -0.00674477 -4.74126 301.6
670 0.0335 3.42344 -0.0973305 -0.0658236 -0.0142171 -0.00707753 -4.74116 302.867
680 0.034 3.44302 -0.117008 -0.105243 -0.0145259 -0.00737567 -4.74088 302.807
690 0.0345 3.47154 -0.117984 -0.145593 -0.01478 -0.00762324 -4.7404 301.151
700 0.035 3.5128 -0.104947 -0.171737 -0.0149801 -0.00780503 -4.73987 299.095
710 0.0355 3.56606 -0.079747 -0.169062 -0.0151328 -0.00791211 -4.73953 298.51
720 0.036 3.62613 -0.0481663 -0.132587 -0.0152494 -0.00794745 -4.73947 300.165
730 0.0365 3.68671 -0.0145122 -0.0776276 -0.0153435 -0.00792729 -4.73954 302.833
740 0.037 3.74585 0.016757 -0.0256636 -0.0154295 -0.00787498 -4.73947 304.356
750 0.0375 3.80594 0.0408049 0.0180244 -0.0155204 -0.00781275 -4.73915 303.942
760 0.038 3.86797 0.0597073 0.0583607 -0.0156261 -0.00775928 -4.73876 302.985
770 0.0385 3.92541 0.077842 0.0953393 -0.0157544 -0.00773126 -4.73845 302.557
780 0.039 3.96743 0.0976175 0.119858 -0.0159125 -0.00774333 -4.73808 301.686
790 0.0395 4.00321 0.104489 0.123904 -0.0161075 -0.00780465 -4.7376 299.933
800 0.04 4.04285 0.0964976 0.112506 -0.0163414 -0.00791608 -4.73727 299.34
810 0.0405 4.08643 0.0852497 0.100719 -0.0166106 -0.00807241 -4.73735 302.031
820 0.041 4.12688 0.0761274 0.0895965 -0.0169097 -0.0082678 -4.73771 306.84
830 0.0415 4.15372 0.0635801 0.0634191 -0.0172342 -0.00849617 -4.73779 309.369
840 0.042 4.17876 0.0283211 0.0090517 -0.0175774 -0.00874525 -4.7372 306.602
850 0.0425 4.21647 -0.026346 -0.0589194 -0.0179243 -0.00899223 -4.73621 300.641
860 0.043 4.25581 -0.0662573 -0.103835 -0.0182532 -0.00921 -4.73552 296.953
870 0.0435 4.29228 -0.0792293 -0.111009 -0.0185484 -0.0093809 -4.73537 297.551
880 0.044 4.32719 -0.071948 -0.0984133 -0.0188049 -0.00950228 -4.73541 299.611
890 0.0445 4.35994 -0.0510154 -0.0879446 -0.0190264 -0.00957972 -4.73532 300.699
900 0.045 4.39633 -0.024278 -0.0803841 -0.0192223 -0.00961856 -4.73517 301.232
910 0.0455 4.44285 0.00342887 -0.0603439 -0.0194039 -0.00962337 -4.73513 302.596
920 0.046 4.49099 0.028835 -0.0193615 -0.0195829 -0.00960358 -4.73527 305.229
930 0.0465 4.54038 0.0421474 0.0269941 -0.0197698 -0.00957629 -4.73528 306.668
940 0.047 4.58872 0.0450956 0.0585552 -0.0199699 -0.00956034 -4.7349 304.936
950 0.0475 4.62999 0.0517859 0.0718632 -0.0201848 -0.00956858 -4.73431 301.364
960 0.048 4.66598 0.0648204 0.0799901 -0.020417 -0.00960658 -4.73378 298.225
970 0.0485 4.7083 0.0717485 0.0929146 -0.0206713 -0.00967756 -4.73344 296.497
980 0.049 4.74478 0.0779884 0.105077 -0.0209503 -0.00978609 -4.73328 296.262
990 0.0495 4.77339 0.0795034 0.103508 -0.021256 -0.00993604 -4.7332 296.721
1000 0.05 4.80194 0.0689721 0.0811755 -0.021588 -0.0101256 -4.7331 297.105
1010 0.0505 4.82897 0.0429862 0.0504496 -0.0219413 -0.0103451 -4.733 297.593
1020 0.051 4.8461 0.00918707 0.0245238 -0.0223049 -0.0105815 -4.73298 298.862
1030 0.0515 4.85401 -0.0260706 -0.000351991 -0.0226648 -0.0108232 -4.73292 299.833
1040 0.052 4.86773 -0.0715222 -0.0327201 -0.0230059 -0.0110595 -4.73257 298.634
1050 0.0525 4.88494 -0.107595 -0.0731327 -0.0233104 -0.0112768 -4.732 295.796
1060 0.053 4.91018 -0.114322 -0.108772 -0.0235651 -0.011459 -4.7316 294.388
1070 0.0535 4.94585 -0.0914285 -0.121734 -0.0237682 -0.0115926 -4.73156 295.878
1080 0.054 4.98735 -0.0544683 -0.110335 -0.0239298 -0.0116735 -4.73164 298.43
1090 0.0545 5.03268 -0.0152781 -0.0890882 -0.0240657 -0.0117068 -4.73154 299.566
1100 0.055 5.08367 0.0234475 -0.0626729 -0.0241926 -0.0117024 -4.73115 298.535
1110 0.0555 5.13912 0.0621567 -0.0271605 -0.0243267 -0.0116721 -4.73068 296.95
1120 0.056 5.19496 0.0968182 0.0162956 -0.0244838 -0.0116312 -4.73032 296.257
1130 0.0565 5.24312 0.125712 0.0561636 -0.024678 -0.0115979 -4.73003 296.136
1140 0.057 5.28469 0.140294 0.0814666 -0.0249201 -0.0115881 -4.72967 295.623
1150 0.0575 5.31056 0.146165 0.0911459 -0.0252157 -0.0116122 -4.72927 294.953
1160 0.058 5.32272 0.142849 0.0868964 -0.0255662 -0.0116736 -4.7289 294.516
1170 0.0585 5.34057 0.115452 0.0687113 -0.0259686 -0.0117699 -4.72844 293.569
1180 0.059 5.36028 0.07242 0.0438839 -0.0264111 -0.0118931 -4.728 292.882
1190 0.0595 5.38027 0.0269666 0.0203151 -0.0268751 -0.0120325 -4.72775 293.919
1200 0.06 5.39833 -0.014767 0.00218497 -0.0273418 -0.012178 -4.72781 297.574
1210 0.0605 5.41288 -0.0572908 -0.0111867 -0.0277934 -0.0123218 -4.72793 301.845
1220 0.061 5.43726 -0.117136 -0.0279263 -0.0282119 -0.012458 -4.72768 303.221
1230 0.0615 5.45722 -0.172773 -0.0439154 -0.028574 -0.0125799 -4.72686 300.185
1240 0.062 5.48727 -0.2133 -0.0506508 -0.0288584 -0.0126814 -4.72586 295.741
1250 0.0625 5.52469 -0.215959 -0.0382342 -0.0290508 -0.0127604 -4.72523 294.207
1260 0.063 5.57452 -0.187392 -0.0089558 -0.0291515 -0.0128224 -4.72507 296.299
1270 0.0635 5.6265 -0.139134 0.0297888 -0.0291737 -0.0128799 -4.72507 299.621
1280 0.064 5.67232 -0.0768596 0.0652871 -0.0291387 -0.0129488 -4.72505 302.735
1290 0.0645 5.71288 -0.00733473 0.088605 -0.0290727 -0.0130435 -4.72493 304.864
1300 0.065 5.74319 0.0698929 0.097319 -0.0290052 -0.0131733 -4.72456 304.959
1310 0.0655 5.78774 0.128335 0.0913975 -0.0289671 -0.0133415 -4.72397 303.123
1320 0.066 5.83228 0.172777 0.0780345 -0.0289822 -0.0135451 -4.72331 300.652
1330 0.0665 5.86811 0.205135 0.0602887 -0.0290681 -0.0137783 -4.72284 299.534
1340 0.067 5.89243 0.2221 0.0334143 -0.0292371 -0.0140329 -4.72256 299.929
1350 0.0675 5.90105 0.223143 -0.00294762 -0.029495 -0.0142975 -4.7223 300.515
1360 0.068 5.90033 0.211133 -0.0436159 -0.029841 -0.0145567 -4.72205 301.036
1370 0.0685 5.91783 0.175384 -0.0849107 -0.0302681 -0.0147937 -4.72183 301.804
1380 0.069 5.94004 0.131338 -0.121206 -0.0307607 -0.0149914 -4.72156 302.203
1390 0.0695 5.95084 0.0871704 -0.147234 -0.0312993 -0.0151355 -4.72111 301.133
1400 0.07 5.96053 0.0360791 -0.160733 -0.0318645 -0.0152158 -4.72054 299.192
1410 0.0705 5.97008 -0.010757 -0.157398 -0.0324345 -0.0152281 -4.72016 298.719
1420 0.071 5.97889 -0.042534 -0.136887 -0.0329899 -0.0151747 -4.72005 300.312
1430 0.0715 5.98972 -0.06207 -0.109946 -0.0335175 -0.0150653 -4.71991 301.793
1440 0.072 6.00958 -0.0761707 -0.0819632 -0.0340093 -0.014912 -4.71952 301.215
1450 0.0725 6.03304 -0.0759937 -0.0415907 -0.0344605 -0.0147278 -4.71909 300.336
1460 0.073 6.05699 -0.0597008 0.0163412 -0.0348718 -0.0145305 -4.71885 301.002
1470 0.0735 6.08124 -0.0459505 0.0754219 -0.0352499 -0.014344 -4.71851 300.792
1480 0.074 6.10004 -0.0467724 0.117939 -0.0356009 -0.0141923 -4.71777 297.519
1490 0.0745 6.13857 -0.0642637 0.141104 -0.0359247 -0.0140924 -4.71702 294.25
1500 0.075 6.19103 -0.06405 0.158081 -0.0362164 -0.0140535 -4.71679 295.119
1510 0.0755 6.23962 -0.0391919 0.174122 -0.0364768 -0.0140816 -4.71696 299.157
1520 0.076 6.25789 0.00164896 0.185439 -0.0367164 -0.0141821 -4.71704 302.555
1530 0.0765 6.23885 0.045261 0.181507 -0.0369521 -0.0143578 -4.71683 303.628
1540 0.077 6.21003 0.0791629 0.153224 -0.0372015 -0.0146056 -4.71633 302.393
1550 0.0775 6.19131 0.0902129 0.103579 -0.0374778 -0.0149121 -4.71568 299.904
1560 0.078 6.18944 0.0772605 0.0480816 -0.037785 -0.015256 -4.71507 297.729
1570 0.0785 6.18934 0.0583907 -0.00408638 -0.038118 -0.0156136 -4.7146 296.775
1580 0.079 6.20087 0.0293199 -0.0557659 -0.0384678 -0.0159625 -4.71427 296.892
1590 0.0795 6.21172 0.00690086 -0.107203 -0.038823 -0.016281 -4.71399 297.609
1600 0.08 6.21649 -0.00103462 -0.148 -0.0391743 -0.0165487 -4.71376 298.816
1610 0.0805 6.2199 0.00297882 -0.169775 -0.0395186 -0.0167497 -4.7136 300.652
1620 0.081 6.22176 0.0160438 -0.175852 -0.0398574 -0.0168763 -4.71342 302.44
1630 0.0815 6.22336 0.0336941 -0.172288 -0.0401962 -0.0169272 -4.71311 303.212
1640 0.082 6.22009 0.0576157 -0.16153 -0.0405422 -0.0169054 -4.71269 303.163
1650 0.0825 6.20862 0.0885675 -0.132955 -0.0409051 -0.016817 -4.71225 303.018
1660 0.083 6.20203 0.116892 -0.0820234 -0.0412969 -0.0166756 -4.71184 303.056
1670 0.0835 6.19941 0.141974 -0.0172491 -0.0417284 -0.0165031 -4.71147 303.339
1680 0.084 6.20344 0.163963 0.0387098 -0.0422089 -0.0163265 -4.71097 302.678
1690 0.0845 6.21542 0.177871 0.0720351 -0.0427459 -0.0161687 -4.71037 301.197
1700 0.085 6.22031 0.184267 0.0878911 -0.0433436 -0.0160439 -4.7099 300.761
1710 0.0855 6.20041 0.190171 0.0990831 -0.0440026 -0.0159583 -4.70967 302.174
1720 0.086 6.15704 0.186752 0.108962 -0.0447226 -0.015916 -4.70956 304.508
1730 0.0865 6.09852 0.175012 0.108016 -0.0454997 -0.0159198 -4.70932 305.663
1740 0.087 6.0424 0.144996 0.0931097 -0.0463257 -0.015968 -4.70892 305.492
1750 0.0875 5.9852 0.0934133 0.0747859 -0.0471852 -0.0160535 -4.70852 305.232
1760 0.088 5.90371 0.0521304 0.0563641 -0.0480553 -0.0161673 -4.70814 305.063
1770 0.0885 5.8029 0.0329971 0.0285044 -0.0489171 -0.0163003 -4.7078 305.086
1780 0.089 5.69072 0.030076 -0.00936632 -0.0497614 -0.0164399 -4.70752 305.42
1790 0.0895 5.57877 0.0295586 -0.0491697 -0.0505857 -0.0165703 -4.70726 305.817
1800 0.09 5.48345 0.0263797 -0.0767821 -0.0513886 -0.0166756 -4.7072 307.538
1810 0.0905 5.40158 0.035548 -0.0845372 -0.0521688 -0.0167457 -4.70742 311.208
1820 0.091 5.33175 0.0473235 -0.080376 -0.0529294 -0.0167783 -4.70756 314.038
1830 0.0915 5.25201 0.0682536 -0.0771782 -0.0536756 -0.0167765 -4.70723 312.79
1840 0.092 5.16407 0.0960569 -0.079748 -0.0544153 -0.0167427 -4.7064 307.336
1850 0.0925 5.06759 0.14261 -0.0688036 -0.0551596 -0.0166783 -4.70556 301.518
1860 0.093 4.96843 0.210512 -0.0335399 -0.0559262 -0.0165894 -4.70536 300.61
1870 0.0935 4.87162 0.278958 0.0152305 -0.0567391 -0.0164915 -4.70585 304.94
1880 0.094 4.77502 0.325577 0.0585825 -0.0576212 -0.0164044 -4.70648 310.203
1890 0.0945 4.6753 0.332192 0.0824945 -0.0585848 -0.0163448 -4.70667 312.045
1900 0.095 4.54802 0.316259 0.0955643 -0.0596266 -0.0163216 -4.70653 311.242
1910 0.0955 4.39803 0.294891 0.102293 -0.060734 -0.0163385 -4.70649 311.238
1920 0.096 4.24017 0.27133 0.0965143 -0.0618912 -0.0163956 -4.7066 312.375
1930 0.0965 4.07676 0.246057 0.0709099 -0.063082 -0.0164876 -4.70667 313.302
1940 0.097 3.90993 0.223058 0.0317906 -0.0642904 -0.0166018 -4.70669 313.682
1950 0.0975 3.73469 0.211324 -0.00694161 -0.0655025 -0.0167212 -4.70692 315.669
1960 0.098 3.55358 0.207871 -0.0380526 -0.0667095 -0.0168296 -4.70743 319.71
1970 0.0985 3.36596 0.206639 -0.0639125 -0.0679068 -0.0169149 -4.70792 323.257
1980 0.099 3.17738 0.20784 -0.0835511 -0.069092 -0.0169684 -4.70821 324.969
1990 0.0995 2.98911 0.211131 -0.0880229 -0.0702642 -0.0169847 -4.70844 325.95
2000 0.1 2.79808 0.213444 -0.0701616 -0.0714238 -0.0169654 -4.7087 326.876
2010 0.1005 2.6146 0.213033 -0.0371519 -0.0725717 -0.0169202 -4.70898 327.796
2020 0.101 2.43719 0.218694 -0.00119991 -0.073708 -0.0168639 -4.70937 329.404
2030 0.1015 2.26361 0.230431 0.0286695 -0.0748354 -0.0168114 -4.70978 331.026
2040 0.102 2.08561 0.245477 0.0522746 -0.0759587 -0.0167743 -4.71014 332.071
2050 0.1025 1.90318 0.264496 0.0725647 -0.0770839 -0.0167609 -4.71059 333.695
2060 0.103 1.72617 0.280901 0.0876696 -0.0782177 -0.0167772 -4.71132 337.18
2070 0.1035 1.55605 0.280768 0.0878102 -0.079365 -0.0168266 -4.71212 340.992
2080 0.104 1.392 0.24984 0.0660375 -0.0805237 -0.016906 -4.71253 341.48
2090 0.1045 1.229 0.196005 0.0363645 -0.0816813 -0.017005 -4.7126 339.29
2100 0.105 1.07129 0.140301 0.0168012 -0.0828179 -0.0171108 -4.71283 338.306
2110 0.1055 0.922348 0.097105 0.00820535 -0.0839151 -0.0172152 -4.71339 339.798
2120 0.106 0.791292 0.0552636 -0.000841625 -0.0849599 -0.0173144 -4.71409 342.284
2130 0.1065 0.67751 0.00478511 -0.0111054 -0.0859413 -0.0174053 -4.71468 343.852
2140 0.107 0.575505 -0.0465265 -0.0161932 -0.0868471 -0.017485 -4.71508 343.77
2150 0.1075 0.490896 -0.0911471 -0.012339 -0.0876659 -0.0175524 -4.71537 342.745
2160 0.108 0.427377 -0.128072 -0.000709327 -0.0883896 -0.0176102 -4.71553 340.755
2170 0.1085 0.385065 -0.156857 0.0171835 -0.0890136 -0.0176637 -4.71548 337.116
2180 0.109 0.362351 -0.175408 0.03876 -0.0895362 -0.0177204 -4.7153 332.512
2190 0.1095 0.357088 -0.176978 0.0615004 -0.0899593 -0.0177887 -4.71528 329.26
2200 0.11 0.363807 -0.151834 0.0827112 -0.0902908 -0.0178769 -4.71559 328.71
2210 0.1105 0.372282 -0.108191 0.101131 -0.0905464 -0.0179924 -4.71604 329.145
2220 0.111 0.373999 -0.0639668 0.113285 -0.0907469 -0.018141 -4.71625 327.764
2230 0.1115 0.370108 -0.024188 0.113092 -0.0909123 -0.0183257 -4.71612 323.771
2240 0.112 0.373572 0.0159949 0.100579 -0.0910597 -0.0185449 -4.71601 319.97
2250 0.1125 0.387291 0.0623543 0.0869088 -0.0912054 -0.0187924 -4.71632 319.649
2260 0.113 0.404947 0.106304 0.0790282 -0.0913667 -0.0190619 -4.71697 321.888
2270 0.1135 0.414612 0.132209 0.0722019 -0.0915585 -0.0193494 -4.71742 322.612
2280 0.114 0.406306 0.137471 0.0605126 -0.0917892 -0.0196514 -4.71741 319.758
2290 0.1145 0.387372 0.133875 0.042812 -0.0920592 -0.0199626 -4.7173 316.135
2300 0.115 0.3659 0.134483 0.0219356 -0.092366 -0.020276 -4.71751 315.137
2310 0.1155 0.344232 0.131974 0.000405019 -0.0927079 -0.0205832 -4.71798 316.254
2320 0.116 0.324396 0.110101 -0.0216868 -0.0930819 -0.0208762 -4.7184 316.916
2330 0.1165 0.314507 0.0647063 -0.0446055 -0.0934782 -0.0211467 -4.71867 316.421
2340 0.117 0.320436 0.00895136 -0.0650771 -0.0938794 -0.0213869 -4.71895 316.114
2350 0.1175 0.338337 -0.0437238 -0.078804 -0.0942652 -0.0215902 -4.71924 315.837
2360 0.118 0.358143 -0.0858182 -0.0839689 -0.0946172 -0.0217529 -4.71932 313.972
2370 0.1185 0.375042 -0.111216 -0.079407 -0.0949218 -0.0218751 -4.71918 310.512
2380 0.119 0.395964 -0.119401 -0.0638172 -0.095172 -0.0219605 -4.71908 307.505
2390 0.1195 0.424681 -0.111155 -0.0330887 -0.0953674 -0.0220171 -4.71921 306.442
2400 0.12 0.460394 -0.0907649 0.0122161 -0.0955136 -0.0220586 -4.7195 306.648
2410 0.1205 0.503722 -0.0615104 0.0646681 -0.0956202 -0.0221034 -4.71986 307.484
2420 0.121 0.551337 -0.0244081 0.11531 -0.0956999 -0.0221721 -4.72025 308.578
2430 0.1215 0.594752 0.0158942 0.154928 -0.0957673 -0.0222836 -4.7205 308.616
2440 0.122 0.625718 0.0515554 0.177232 -0.0958376 -0.0224518 -4.7205 306.735
2450 0.1225 0.643771 0.0818742 0.184448 -0.095924 -0.0226834 -4.72047 304.668
2460 0.123 0.651121 0.106805 0.181771 -0.096037 -0.022979 -4.72067 304.458
2470 0.1235 0.645657 0.121009 0.164519 -0.0961847 -0.0233347 -4.72096 304.959
2480 0.124 0.626991 0.115028 0.126692 -0.0963705 -0.023741 -4.72103 303.801
2490 0.1245 0.599085 0.0906955 0.0754875 -0.0965906 -0.0241809 -4.72096 301.66
2500 0.125 0.571937 0.0588152 0.0225854 -0.096835 -0.0246327 -4.72105 300.821
2510 0.1255 0.550985 0.0284662 -0.0283516 -0.097091 -0.0250748 -4.72118 300.451
2520 0.126 0.542441 0.00315041 -0.0790125 -0.0973468 -0.025487 -4.7212 299.307
2530 0.1265 0.544024 -0.0153717 -0.124332 -0.0975932 -0.0258504 -4.7212 298.048
2540 0.127 0.5446 -0.0268002 -0.153949 -0.0978238 -0.0261496 -4.72113 296.447
2550 0.1275 0.541928 -0.031802 -0.159084 -0.0980349 -0.0263758 -4.72104 294.778
2560 0.128 0.540728 -0.0270763 -0.135612 -0.0982258 -0.0265303 -4.72111 294.487
2570 0.1285 0.548998 -0.0125121 -0.092033 -0.098399 -0.0266252 -4.72141 296.06
2580 0.129 0.574791 0.00492261 -0.0457208 -0.0985606 -0.0266798 -4.72185 298.9
2590 0.1295 0.617079 0.0149819 -0.00757 -0.0987173 -0.0267138 -4.72227 301.532
2600 0.13 0.65749 0.0140889 0.0208829 -0.0988728 -0.0267431 -4.7223 301.108
2610 0.1305 0.678617 0.012008 0.0430716 -0.0990272 -0.0267794 -4.72184 296.982
2620 0.131 0.683549 0.0229568 0.0665398 -0.0991804 -0.0268314 -4.72139 293.007
2630 0.1315 0.686334 0.0490367 0.0947933 -0.0993367 -0.0269081 -4.72136 292.355
2640 0.132 0.692338 0.074002 0.119656 -0.0995049 -0.0270195 -4.72151 293.325
2650 0.1325 0.694326 0.0831507 0.130849 -0.0996936 -0.0271738 -4.72145 292.723
2660 0.133 0.6982 0.0719358 0.12364 -0.0999051 -0.0273739 -4.72114 290.418
2670 0.1335 0.711578 0.0480764 0.102968 -0.100135 -0.0276151 -4.7209 288.767
2680 0.134 0.728015 0.0260354 0.0796622 -0.100373 -0.0278881 -4.72096 289.638
2690 0.1345 0.732738 0.012426 0.0597125 -0.100613 -0.0281826 -4.72117 291.917
2700 0.135 0.717131 0.0047522 0.038495 -0.100848 -0.0284897 -4.72119 292.928
2710 0.1355 0.691462 -8.85028e-05 0.00639018 -0.101076 -0.0287999 -4.72095 292.067
2720 0.136 0.667202 -0.00148864 -0.0296834 -0.101296 -0.0291007 -4.72073 291.461
2730 0.1365 0.650926 -0.00166083 -0.0569826 -0.101507 -0.0293784 -4.72065 292.116
2740 0.137 0.640262 -0.00478789 -0.0702047 -0.101708 -0.0296234 -4.72056 292.829
2750 0.1375 0.636746 -0.00751934 -0.0716578 -0.101901 -0.0298316 -4.7204 293.12
2760 0.138 0.647779 -0.00330373 -0.0664468 -0.102084 -0.0300037 -4.7203 294.008
2770 0.1385 0.670153 0.0082683 -0.0582699 -0.102258 -0.030143 -4.72026 295.393
2780 0.139 0.692049 0.0205456 -0.0476006 -0.10243 -0.0302541 -4.72016 296.431
2790 0.1395 0.699489 0.0301324 -0.0267201 -0.102602 -0.0303425 -4.7201 297.705
2800 0.14 0.696814 0.031726 0.00189531 -0.102779 -0.0304174 -4.72002 298.846
2810 0.1405 0.695574 0.0237968 0.0250501 -0.102961 -0.0304901 -4.71977 298.665
2820 0.141 0.7014 0.0122851 0.0373326 -0.103145 -0.0305698 -4.71944 297.801
2830 0.1415 0.707741 0.0035037 0.0463511 -0.103326 -0.0306613 -4.71921 297.694
2840 0.142 0.709462 -0.00312435 0.0563572 -0.103503 -0.0307681 -4.71902 297.949
2850 0.1425 0.715238 -0.0162189 0.063949 -0.103672 -0.0308935 -4.71874 297.454
2860 0.143 0.731997 -0.0324418 0.0657971 -0.103829 -0.0310396 -4.71841 296.6
2870 0.1435 0.757133 -0.0394444 0.0666781 -0.103969 -0.0312068 -4.71827 297.22
2880 0.144 0.779785 -0.0320467 0.0747537 -0.10409 -0.031395 -4.71843 300.159
2890 0.1445 0.792637 -0.0139225 0.0853626 -0.104196 -0.0316065 -4.71864 303.447
2900 0.145 0.794216 0.0103523 0.0901502 -0.104293 -0.0318445 -4.71856 304.45
2910 0.1455 0.793032 0.0360609 0.0830861 -0.104391 -0.0321099 -4.71821 303.135
2920 0.146 0.793326 0.0580293 0.0673224 -0.104498 -0.032399 -4.71785 301.757
2930 0.1465 0.793633 0.0709337 0.0489705 -0.104623 -0.0327049 -4.71767 301.607
2940 0.147 0.799361 0.0708062 0.023856 -0.104769 -0.0330195 -4.71759 302.291
2950 0.1475 0.805115 0.061672 -0.00235039 -0.104936 -0.0333328 -4.71771 304.377
2960 0.148 0.80554 0.0551963 -0.0178448 -0.10512 -0.0336348 -4.71819 309.271
2970 0.1485 0.80317 0.0531648 -0.0238553 -0.105319 -0.0339197 -4.71887 315.45
2980 0.149 0.79501 0.0491311 -0.0342626 -0.105529 -0.0341851 -4.71912 317.963
2990 0.1495 0.779344 0.0352792 -0.0557352 -0.105751 -0.0344274 -4.71867 314.749
3000 0.15 0.760747 0.0160202 -0.0808218 -0.105977 -0.0346391 -4.71796 309.254
