# Time-averaged data for fix ss
# step strain sxx(GPa) syy(GPa) szz(GPa) eyy ezz pe/atom(eV) T(K)
620 0.000126 0.207707 0.00817372 0.00550345 0.00110219 0.000446217 -4.74832 301.271
1240 0.000374 0.239016 -0.00569109 -0.00334791 0.00101419 0.000302713 -4.7484 301.177
1860 0.000622 0.269027 0.0035597 0.00387198 0.000930519 0.00023211 -4.7485 300.589
2480 0.00087 0.270601 -0.0139511 -0.000338199 0.000633039 0.000205637 -4.74861 298.927
3100 0.001118 0.327844 0.00630177 0.00196799 0.000692092 0.000130977 -4.74861 298.867
3720 0.001366 0.346747 -0.00615696 -0.00312045 0.000484618 0.000109036 -4.74864 298.734
4340 0.001614 0.360973 -0.000175323 -0.000118686 0.000376775 5.07684e-05 -4.74857 299.187
4960 0.001862 0.401181 -0.00192137 0.00536397 0.000216504 8.98222e-05 -4.7484 299.96
5580 0.00211 0.429652 0.0106063 -0.0047252 0.000394913 -0.000228161 -4.74838 300.509
6200 0.002358 0.460296 -0.00916489 -0.00538138 0.000229016 -0.00023826 -4.74836 300.339
6820 0.002606 0.509572 0.011703 0.0119576 5.54793e-05 -7.40688e-05 -4.74825 300.699
7440 0.002854 0.52121 0.00393578 -0.0104703 -5.53267e-05 -0.000261153 -4.74825 300.86
8060 0.003102 0.532324 0.00181907 0.000317712 -0.000193735 -0.000245378 -4.74816 301.469
8680 0.00335 0.569578 -0.0092588 0.0073843 -0.000284292 -0.000312721 -4.7481 301.273
9300 0.003598 0.589681 -0.00135406 0.00515169 -0.000401227 -0.00037654 -4.74818 300.883
9920 0.003846 0.613128 0.00522285 0.000153676 -0.000426367 -0.000458564 -4.74792 302.921
10540 0.004094 0.635707 -0.0100315 -0.0131209 -0.000680537 -0.000517455 -4.74811 300.698
11160 0.004342 0.677189 0.00736624 0.00625277 -0.00071659 -0.00051437 -4.748 301.536
11780 0.00459 0.709174 0.00215929 -0.00585112 -0.000698511 -0.000732958 -4.74791 302.073
12400 0.004838 0.722246 -0.00192362 0.00285359 -0.000947491 -0.000709846 -4.74809 300.452
13020 0.005086 0.764772 0.00728003 0.00716413 -0.00102997 -0.000713667 -4.74811 299.919
13640 0.005334 0.778813 -0.0253915 -0.0179745 -0.00130117 -0.000825088 -4.74811 299.951
14260 0.005582 0.832948 0.0288187 0.0179303 -0.00111304 -0.000805319 -4.74796 300.326
14880 0.00583 0.828404 -0.0164537 -0.0175962 -0.00135492 -0.000996092 -4.7478 301.91
15500 0.006078 0.87064 0.00706381 0.00446067 -0.00138671 -0.000951871 -4.74779 301.151
16120 0.006326 0.881318 -0.000243799 0.0038556 -0.00155836 -0.0010005 -4.74778 301.81
16740 0.006574 0.918399 -0.00604444 0.00479321 -0.00167437 -0.00105589 -4.74779 300.81
17360 0.006822 0.946012 3.19511e-05 -0.000977956 -0.00180657 -0.00112702 -4.74787 300.819
17980 0.00707 0.963486 0.00548389 -0.00234628 -0.00200261 -0.001121 -4.74791 299.626
18600 0.007318 0.991794 0.00437724 -0.00403484 -0.00210728 -0.00123408 -4.74805 298.395
19220 0.007566 1.01365 -0.00216299 -0.0115216 -0.00214495 -0.00140479 -4.74799 298.638
19840 0.007814 1.05948 0.00332895 0.0138749 -0.00227344 -0.00131632 -4.74806 298.166
20460 0.008062 1.08028 -0.00475809 -0.00606917 -0.0023092 -0.00148068 -4.74783 299.248
21080 0.00831 1.11936 0.00296234 0.0020003 -0.00245212 -0.00142329 -4.74772 299.58
21700 0.008558 1.12625 0.00293197 -0.000142113 -0.00268283 -0.00141778 -4.74766 299.857
22320 0.008806 1.14426 -0.00974265 -0.00649472 -0.00280214 -0.00152829 -4.74763 300.147
22940 0.009054 1.18528 0.00129883 0.0149009 -0.0028692 -0.0014572 -4.74744 300.911
23560 0.009302 1.20517 -0.00900708 -0.00580778 -0.00297384 -0.0016462 -4.74741 301.267
24180 0.00955 1.23495 0.010289 0.00246041 -0.00297497 -0.00175019 -4.7476 299.079
24800 0.009798 1.26946 0.00601786 -0.00963381 -0.00303541 -0.00192868 -4.74759 299.483
25420 0.010046 1.29454 -0.00858465 0.00477756 -0.00333197 -0.00182001 -4.74773 297.139
26040 0.010294 1.31436 0.00878772 0.00426329 -0.00335391 -0.00188678 -4.74746 299.393
26660 0.010542 1.32121 -0.0169807 -0.00315251 -0.00363426 -0.00193979 -4.74758 298.131
27280 0.01079 1.36622 0.0121691 0.00248392 -0.00352413 -0.00198128 -4.74731 299.659
27900 0.011038 1.39583 -0.0107628 -0.000559118 -0.00368606 -0.00203442 -4.7471 300.789
28520 0.011286 1.42979 0.00989255 0.00984524 -0.00373418 -0.00208805 -4.74702 301.315
29140 0.011534 1.44019 -0.00489438 -0.00320309 -0.00393528 -0.00217815 -4.74729 299.086
29760 0.011782 1.44957 -0.0115972 -0.00281353 -0.00403221 -0.00231484 -4.74725 299.475
30380 0.01203 1.49631 0.0130061 0.00257833 -0.003926 -0.00240341 -4.74714 298.91
31000 0.012278 1.51986 0.00610935 -0.00415338 -0.00418813 -0.00238491 -4.74718 298.69
31620 0.012526 1.54543 -0.00228903 -0.0100344 -0.0043306 -0.00243549 -4.74713 298.861
32240 0.012774 1.56215 0.00215638 0.0103721 -0.00446495 -0.00245788 -4.74713 298.538
32860 0.013022 1.5844 -0.00906804 0.000158121 -0.00464601 -0.00246275 -4.74699 299.048
33480 0.01327 1.6115 0.00448575 -0.00493471 -0.00458864 -0.00261109 -4.74681 300.356
34100 0.013518 1.63984 -0.00790738 0.00376956 -0.00477962 -0.00263226 -4.74676 299.935
34720 0.013766 1.66023 0.00513912 -0.000340319 -0.00490469 -0.00264561 -4.74664 300.697
35340 0.014014 1.68813 0.000215004 -0.00695535 -0.00501544 -0.0026849 -4.74641 301.714
35960 0.014262 1.72089 0.00448243 0.00924669 -0.00503328 -0.00272902 -4.74637 301.248
36580 0.01451 1.75277 -0.00196999 0.00710351 -0.00522736 -0.00271251 -4.74635 301.59
37200 0.014758 1.767 -0.00743456 -0.00555234 -0.00535194 -0.00278777 -4.74612 303.044
37820 0.015006 1.80041 0.0122626 0.00203949 -0.00538992 -0.00289667 -4.74642 300.315
38440 0.015254 1.80134 -0.0118644 -0.0131233 -0.00566711 -0.00296449 -4.74633 300.366
39060 0.015502 1.83786 0.00739101 0.0077111 -0.00566043 -0.00300174 -4.74615 301.172
39680 0.01575 1.85059 -0.00412591 0.00318205 -0.00583854 -0.00304022 -4.74608 301.717
40300 0.015998 1.88176 0.00448368 -0.000690096 -0.00595636 -0.00311298 -4.74617 300.624
40920 0.016246 1.90055 0.003079 0.00573836 -0.0060423 -0.00316982 -4.74605 300.789
41540 0.016494 1.93006 -0.0144351 -0.00998455 -0.00613482 -0.00334023 -4.74608 300.47
42160 0.016742 1.96275 0.0175755 0.0110358 -0.00613885 -0.00333621 -4.74613 299.239
42780 0.01699 1.97764 -0.0175211 -0.00341942 -0.00634034 -0.0034204 -4.74595 300.363
43400 0.017238 2.01747 0.00417388 -0.00536521 -0.00619619 -0.00362092 -4.7459 300.261
44020 0.017486 2.02623 0.0152335 0.00123485 -0.00644044 -0.00359683 -4.74589 299.687
44640 0.017734 2.0319 -0.00754553 -0.00769053 -0.00673234 -0.00359659 -4.74579 300.519
45260 0.017982 2.08209 0.00201043 -0.000931018 -0.00668061 -0.00356111 -4.7453 303.444
45880 0.01823 2.08853 -0.00257727 0.0154767 -0.00700796 -0.00352458 -4.74565 300.13
46500 0.018478 2.11782 -0.00636307 -0.0172527 -0.00706972 -0.00374037 -4.74568 299.713
47120 0.018726 2.15246 0.00345659 0.00950683 -0.00722854 -0.0036236 -4.74558 299.958
47740 0.018974 2.18152 0.0136042 0.00438856 -0.00718603 -0.00376439 -4.74548 299.5
48360 0.019222 2.19669 -0.0188273 -0.0103639 -0.00747133 -0.00376607 -4.74534 301.162
48980 0.01947 2.22134 0.0137458 0.0115479 -0.00743165 -0.0038265 -4.74533 300.029
49600 0.019718 2.24147 -0.00720174 -0.00849185 -0.00763295 -0.00394653 -4.74527 300.147
50220 0.019966 2.25311 -0.000821046 -0.000702569 -0.0077656 -0.00414695 -4.746 294.221
50840 0.020214 2.27856 -0.00190166 0.0028087 -0.00793476 -0.00397524 -4.74526 299.31
51460 0.020462 2.3195 0.00313999 0.0105761 -0.00793558 -0.00403165 -4.74506 299.751
52080 0.02071 2.31597 -0.00112494 -0.0134628 -0.00804332 -0.00421338 -4.74484 301.723
52700 0.020958 2.3434 -0.000123211 0.00657085 -0.0081964 -0.00416351 -4.74478 301.681
53320 0.021206 2.3683 -0.00194091 -0.00279177 -0.00820105 -0.0043613 -4.74472 300.907
53940 0.021454 2.40009 0.00133816 0.00362204 -0.00836492 -0.00436696 -4.74492 299.649
54560 0.021702 2.42378 0.0132668 0.00379924 -0.008258 -0.00455491 -4.7447 300.135
55180 0.02195 2.43964 -0.0144852 -0.0138549 -0.00856889 -0.00453534 -4.74457 300.805
55800 0.022198 2.46525 0.00857158 -0.00459367 -0.00851511 -0.00464945 -4.74456 300.158
56420 0.022446 2.49564 -0.00246407 0.016348 -0.00883682 -0.00451902 -4.74473 298.716
57040 0.022694 2.50281 -0.00269478 -0.0093827 -0.0089412 -0.0047128 -4.74462 299.015
57660 0.022942 2.53664 -0.00334529 0.0030135 -0.00896116 -0.00474345 -4.74453 298.618
58280 0.02319 2.56636 0.00472186 0.00728317 -0.0090685 -0.00480978 -4.74449 298.23
58900 0.023438 2.5815 -0.00961038 -0.00287415 -0.00923852 -0.00487914 -4.74435 299.616
59520 0.023686 2.59566 0.00401037 0.000793757 -0.0094411 -0.00487371 -4.74452 297.393
60140 0.023934 2.62909 0.00377879 -0.00507544 -0.00952021 -0.00485779 -4.74423 299.076
60760 0.024182 2.64985 -0.000889855 -0.00173836 -0.00966585 -0.00491775 -4.74404 299.928
61380 0.02443 2.66303 0.00840963 0.00795688 -0.00969606 -0.00500885 -4.74385 300.195
62000 0.024678 2.68789 -0.00658256 -0.0100261 -0.00976522 -0.00518168 -4.74383 300.525
62620 0.024926 2.70703 0.00238145 0.00556255 -0.00995173 -0.00511537 -4.7438 299.709
63240 0.025174 2.73608 -0.00210357 -0.00711561 -0.0100431 -0.00525354 -4.74389 298.494
63860 0.025422 2.74734 0.00447874 0.00580617 -0.0102873 -0.0051766 -4.74384 298.272
64480 0.02567 2.78729 -0.00772733 0.0020907 -0.0103235 -0.00527321 -4.74369 299.215
65100 0.025918 2.79607 -0.00766743 0.00196247 -0.0105297 -0.00522562 -4.7434 300.461
65720 0.026166 2.82874 0.00975382 0.000876688 -0.0104747 -0.00540049 -4.74334 300.566
66340 0.026414 2.85681 0.00554782 -0.00289141 -0.0105789 -0.00545546 -4.74327 299.952
66960 0.026662 2.86747 -0.00484564 -0.00963875 -0.010936 -0.00539454 -4.74326 299.529
67580 0.02691 2.88957 8.62042e-06 0.0124449 -0.0109965 -0.00543184 -4.7433 299.189
68200 0.027158 2.91806 0.00985812 -0.00162425 -0.0110305 -0.00558625 -4.74335 297.606
68820 0.027406 2.93006 -0.0119435 -0.0138354 -0.0111157 -0.00573224 -4.74302 299.653
69440 0.027654 2.95787 0.00933821 0.0131044 -0.0111966 -0.0056282 -4.7428 300.707
70060 0.027902 2.96567 -0.00982756 -0.00435516 -0.0113621 -0.00572792 -4.74269 300.85
70680 0.02815 2.99181 0.00951931 -0.0025106 -0.0114832 -0.00573246 -4.74253 301.477
71300 0.028398 3.02834 -0.00226845 -0.00192246 -0.0115355 -0.00584622 -4.74255 300.405
71920 0.028646 3.0483 0.0106826 0.00347303 -0.0116313 -0.00590087 -4.74256 299.62
72540 0.028894 3.04729 -0.0133863 0.000206953 -0.0120131 -0.00584109 -4.7426 299.228
73160 0.029142 3.10071 -0.00513633 -0.00307655 -0.011988 -0.00593868 -4.74249 298.965
73780 0.02939 3.12106 0.00809975 0.0147459 -0.0119888 -0.00603536 -4.74251 297.946
74400 0.029638 3.13352 -0.00963144 -0.0088492 -0.0122326 -0.00610288 -4.74239 298.77
75020 0.029886 3.15135 0.00823084 0.00365468 -0.0122382 -0.0060882 -4.74201 300.865
75640 0.030134 3.1699 0.000169897 0.00157237 -0.0124336 -0.00611678 -4.74183 300.991
76260 0.030382 3.18846 -0.00956061 -0.0174373 -0.0125394 -0.00624817 -4.74162 302.469
76880 0.03063 3.22698 0.0153041 0.00729649 -0.0125376 -0.00628985 -4.74171 300.235
77500 0.030878 3.22283 -0.0068861 0.00560313 -0.0127965 -0.00629845 -4.74147 302.31
78120 0.031126 3.25213 0.00460793 -0.00129039 -0.0128677 -0.00638682 -4.74142 301.258
78740 0.031374 3.27093 -0.00280324 0.00127316 -0.0130201 -0.00644805 -4.74159 300.165
79360 0.031622 3.29302 0.00405961 -0.00736306 -0.013084 -0.00654122 -4.74152 299.208
79980 0.03187 3.3176 -0.0109682 -9.10663e-05 -0.013162 -0.00664205 -4.74144 299.53
80600 0.032118 3.36719 0.0132194 0.0078256 -0.013089 -0.00675527 -4.74146 298.393
81220 0.032366 3.35233 -0.00684174 -0.00374703 -0.0134676 -0.00673994 -4.74133 298.914
81840 0.032614 3.37172 -0.0115341 -0.0129161 -0.0136234 -0.0068001 -4.74131 298.369
82460 0.032862 3.4169 0.0140338 0.0225697 -0.0136437 -0.00666803 -4.74099 299.683
83080 0.03311 3.40677 -0.000851727 -0.000495592 -0.0137386 -0.0068643 -4.7408 300.739
83700 0.033358 3.42526 -0.00460987 -0.0103704 -0.0139139 -0.00692257 -4.7406 301.424
84320 0.033606 3.47966 0.00475985 0.00804512 -0.0138738 -0.00700232 -4.74069 299.892
84940 0.033854 3.4562 -0.0125873 -0.00843546 -0.01425 -0.00702329 -4.74048 301.045
85560 0.034102 3.47864 0.000554026 0.0103495 -0.014308 -0.0069748 -4.74018 301.885
86180 0.03435 3.52239 0.013905 -0.0102551 -0.0141862 -0.00726707 -4.7403 300.609
86800 0.034598 3.53631 -0.0152686 0.0102368 -0.0145679 -0.00705223 -4.74013 301.55
87420 0.034846 3.57618 -0.00182708 -0.00638472 -0.014568 -0.00719981 -4.74007 300.907
88040 0.035094 3.58635 0.0125253 -7.10843e-06 -0.014577 -0.0073028 -4.74004 300.286
88660 0.035342 3.59941 -0.00194591 -0.00514378 -0.014713 -0.00739616 -4.73987 300.76
89280 0.03559 3.63093 -0.00130738 -0.00059443 -0.0150165 -0.00730829 -4.7399 300.454
89900 0.035838 3.65467 0.00793913 0.00455049 -0.0150592 -0.00740145 -4.73985 298.712
90520 0.036086 3.64917 0.00670337 -0.0103553 -0.0151973 -0.00760748 -4.73992 298.524
91140 0.036334 3.69059 -0.00603449 0.0118883 -0.0153925 -0.00745443 -4.7397 298.75
91760 0.036582 3.69123 -0.0048414 -0.00769851 -0.0154746 -0.00759875 -4.73947 299.981
92380 0.03683 3.72872 -0.00646098 -0.000470473 -0.0154888 -0.00765651 -4.73934 300.547
93000 0.037078 3.76697 0.00553855 0.0102783 -0.0155459 -0.00763712 -4.73907 301.128
93620 0.037326 3.77378 -0.00246132 -0.00804278 -0.0157858 -0.00778203 -4.73929 298.822
94240 0.037574 3.78266 0.00528725 0.00230113 -0.0158847 -0.00778675 -4.73916 299.282
94860 0.037822 3.80253 0.00629315 -0.00471184 -0.0160284 -0.00785126 -4.73893 299.811
95480 0.03807 3.81904 -0.00843213 -0.0120049 -0.016183 -0.00790233 -4.73875 300.62
96100 0.038318 3.84418 0.00227683 0.0135248 -0.0163108 -0.00785287 -4.73868 300.489
96720 0.038566 3.86005 -0.0105257 0.00823834 -0.0165002 -0.00784709 -4.73846 301.502
97340 0.038814 3.86867 0.00960448 -0.00715891 -0.0164983 -0.00807869 -4.73831 301.019
97960 0.039062 3.89176 0.00604205 0.00701153 -0.0165899 -0.00805952 -4.73817 301.611
98580 0.03931 3.88464 -0.0251755 -0.0166061 -0.0169047 -0.0081733 -4.7381 301.24
99200 0.039558 3.96065 0.026872 0.0252706 -0.016759 -0.00810332 -4.73811 300.145
99820 0.039806 3.94948 -0.015927 -0.0112039 -0.0170375 -0.00832713 -4.73814 299.806
100440 0.040054 3.98603 0.00937838 -0.00802754 -0.0170563 -0.00836148 -4.73803 299.286
101060 0.040302 3.99519 -0.00743823 0.00793788 -0.0173106 -0.00827922 -4.73791 299.62
101680 0.04055 4.01583 0.00146813 -0.000303708 -0.0174905 -0.0083569 -4.73778 299.409
102300 0.040798 4.02719 -0.00414466 0.00504052 -0.0175838 -0.00832423 -4.73738 301.495
102920 0.041046 4.05098 0.0113073 0.00234353 -0.0175716 -0.0085054 -4.7374 300.872
103540 0.041294 4.07905 -0.0146841 -0.00499973 -0.017668 -0.008562 -4.73715 301.36
104160 0.041542 4.07622 0.0119601 -0.010811 -0.0177897 -0.00866718 -4.73712 300.659
104780 0.04179 4.09368 0.0051162 0.00533732 -0.0180797 -0.00862022 -4.73719 299.715
105400 0.042038 4.12394 -0.00214174 -0.00356389 -0.0181389 -0.00872304 -4.73707 299.717
106020 0.042286 4.15208 -0.000595862 0.00320202 -0.0181358 -0.00874926 -4.73662 302.342
106640 0.042534 4.15462 -0.0073729 0.00214021 -0.0185304 -0.00864669 -4.73663 301.315
107260 0.042782 4.16339 -0.0118648 0.00319903 -0.0186612 -0.00875741 -4.73656 300.735
107880 0.04303 4.21201 0.0212228 0.00101029 -0.018392 -0.00883916 -4.73617 302.897
108500 0.043278 4.20713 -0.0118576 -0.00751301 -0.0188753 -0.00885331 -4.73632 301.4
109120 0.043526 4.23168 0.00745741 -0.00365901 -0.0188212 -0.00904385 -4.73641 299.33
109740 0.043774 4.26837 -0.00820717 0.00158209 -0.0189367 -0.00905215 -4.73633 299.096
110360 0.044022 4.28473 0.0131192 0.00795775 -0.019001 -0.00912275 -4.73626 298.277
110980 0.04427 4.28262 -0.0144328 -0.000187716 -0.0193861 -0.00910317 -4.73613 298.557
111600 0.044518 4.31562 0.00750521 -0.00301043 -0.0192593 -0.00930505 -4.73613 297.703
112220 0.044766 4.32108 -0.0100574 -0.00167877 -0.0195268 -0.00924724 -4.73564 300.524
112840 0.045014 4.32461 0.000815537 0.00930361 -0.0197386 -0.00923277 -4.73545 300.717
113460 0.045262 4.35649 0.0108852 0.00121442 -0.0197225 -0.00933373 -4.73541 300.169
114080 0.04551 4.36645 -0.00223993 -0.011514 -0.0199765 -0.00939513 -4.73556 298.858
114700 0.045758 4.4091 0.00883221 0.00701977 -0.0198792 -0.00947021 -4.73548 298.009
115320 0.046006 4.43858 -0.00241995 0.00388787 -0.0199135 -0.00954881 -4.73509 300.037
115940 0.046254 4.4225 -0.00646756 -0.0133847 -0.0202031 -0.00963786 -4.73486 300.719
116560 0.046502 4.471 0.000474025 0.00442837 -0.0201999 -0.00959685 -4.73464 301.876
117180 0.04675 4.471 -0.0122769 0.00475879 -0.0205016 -0.00960798 -4.73457 301.564
117800 0.046998 4.50014 0.0154039 0.000938875 -0.0204121 -0.00977873 -4.73444 301.064
118420 0.047246 4.49787 0.000497757 -0.00155701 -0.0206782 -0.00975311 -4.7341 302.711
119040 0.047494 4.5296 0.00334155 -0.00133384 -0.0206942 -0.00987419 -4.73431 299.976
119660 0.047742 4.53769 -0.0084974 -0.00107289 -0.0211491 -0.00977566 -4.73425 299.551
120280 0.04799 4.57319 -0.00130348 0.0137858 -0.0210906 -0.00980926 -4.73412 299.899
120900 0.048238 4.5785 0.00171772 -0.00998854 -0.0212687 -0.00995249 -4.73396 299.894
121520 0.048486 4.59164 0.00233369 0.00358958 -0.0214708 -0.00993494 -4.73395 298.7
122140 0.048734 4.60879 -0.0113221 -0.00407996 -0.0216106 -0.0100081 -4.73381 299.01
122760 0.048982 4.62048 0.0100461 0.00176216 -0.0216695 -0.0100359 -4.73343 300.683
123380 0.04923 4.66322 0.00377568 -0.00438583 -0.0215923 -0.0101801 -4.73329 301.343
124000 0.049478 4.64311 -0.00237826 -0.00363729 -0.0219903 -0.0101594 -4.73318 300.597
124620 0.049726 4.67995 -0.000521832 0.00468042 -0.0219914 -0.0101849 -4.7328 302.636
125240 0.049974 4.68463 0.00434215 -0.00302081 -0.0220912 -0.0103288 -4.73279 301.749
125860 0.050222 4.68406 -0.0053631 0.00427493 -0.0224611 -0.010262 -4.73286 300.25
126480 0.05047 4.72652 -0.000498081 0.0023659 -0.0223492 -0.0104248 -4.7328 300.027
127100 0.050718 4.74373 0.00264374 -0.0123978 -0.0223498 -0.0105483 -4.73248 301.318
127720 0.050966 4.74351 0.00384468 0.0169709 -0.0227913 -0.0103465 -4.73219 301.942
128340 0.051214 4.7837 -0.00197023 -0.0239997 -0.0226964 -0.010662 -4.73233 299.954
128960 0.051462 4.80378 -0.00565705 0.024259 -0.0229964 -0.0104463 -4.7324 298.797
129580 0.05171 4.81622 0.00639585 -0.00251728 -0.0229115 -0.0107012 -4.73213 299.541
130200 0.051958 4.83998 -0.0141221 -0.0102355 -0.023052 -0.0107482 -4.73197 300.315
130820 0.052206 4.8688 0.0167464 0.0149116 -0.0230473 -0.0107303 -4.73167 300.981
131440 0.052454 4.84688 -0.00685802 -0.012328 -0.0233278 -0.010866 -4.7315 301.417
132060 0.052702 4.88277 0.00475104 -0.00970359 -0.0234318 -0.0108812 -4.7313 301.549
132680 0.05295 4.89231 -0.00264586 0.00641341 -0.0237383 -0.010763 -4.73122 301.75
133300 0.053198 4.91834 0.00247027 -0.00256585 -0.0237939 -0.0108835 -4.73126 299.773
133920 0.053446 4.9547 -0.00332013 0.00423892 -0.0238573 -0.011067 -4.73158 296.393
134540 0.053694 4.92382 -0.00699628 0.012734 -0.0243041 -0.0108766 -4.73104 299.33
135160 0.053942 4.95536 0.00428083 -0.0104294 -0.024082 -0.0112298 -4.73093 298.954
135780 0.05419 4.95953 -0.0105102 -0.00542703 -0.0244058 -0.0111646 -4.73073 299.696
136400 0.054438 5.01055 0.0198352 0.00434619 -0.0242298 -0.0112451 -4.73066 299.298
137020 0.054686 5.01041 -0.00180007 -0.00898823 -0.0244662 -0.0113463 -4.73042 299.889
137640 0.054934 5.01036 -0.0104898 0.0132756 -0.0248179 -0.0112009 -4.73023 301.08
138260 0.055182 5.0473 0.0116047 0.000558448 -0.024702 -0.0113932 -4.73018 299.279
138880 0.05543 5.04018 -0.0152911 -0.00709147 -0.0251805 -0.0113067 -4.73008 298.951
139500 0.055678 5.06754 0.0094508 0.00622163 -0.0249936 -0.0114778 -4.72993 299.091
140120 0.055926 5.09827 0.000277757 0.00249002 -0.0252817 -0.0114939 -4.73005 297.421
140740 0.056174 5.11329 -0.00446728 -0.0189118 -0.0251425 -0.0117522 -4.72965 299.221
141360 0.056422 5.10954 0.0191359 0.0286075 -0.0254939 -0.0114744 -4.72926 300.451
141980 0.05667 5.12205 -0.0202167 -0.0166092 -0.0256462 -0.0116713 -4.72905 301.828
142600 0.056918 5.12008 -0.0018142 -5.77692e-05 -0.0258305 -0.0116743 -4.72888 300.691
143220 0.057166 5.13257 0.0148236 0.00621411 -0.0259525 -0.0116421 -4.7286 302.459
143840 0.057414 5.16205 -0.00990741 -0.00849916 -0.0261047 -0.0118101 -4.72878 300.288
144460 0.057662 5.19743 -0.000777474 0.00415512 -0.0261325 -0.0117415 -4.72856 300.871
145080 0.05791 5.22508 0.00601077 0.00389147 -0.0261706 -0.0118019 -4.72833 301.206
145700 0.058158 5.21567 -0.0109171 -0.00494057 -0.0264391 -0.0119242 -4.72827 300.71
146320 0.058406 5.23325 0.00681093 0.000963322 -0.0265747 -0.0119715 -4.72827 299.505
146940 0.058654 5.26538 -0.00894565 2.346e-05 -0.0266381 -0.0120145 -4.72805 300.056
147560 0.058902 5.2599 0.00740548 -0.0101207 -0.0267713 -0.0121545 -4.72779 300.672
148180 0.05915 5.28099 0.00414472 0.0115793 -0.027041 -0.011995 -4.72772 299.73
148800 0.059398 5.29605 0.00654014 -0.00341429 -0.0270177 -0.0122361 -4.72763 299.886
149420 0.059646 5.31144 -0.0125682 0.000165069 -0.0273143 -0.0121054 -4.72738 300.617
150040 0.059894 5.34803 0.00814749 0.00541945 -0.0272269 -0.0122067 -4.72723 300.942
150660 0.060142 5.31127 -0.00195939 -0.0104625 -0.0277314 -0.0122149 -4.72698 300.78
151280 0.06039 5.34238 -0.0118392 0.0202813 -0.027883 -0.0121726 -4.72705 299.125
151900 0.060638 5.35212 0.00798217 -0.0129565 -0.0277467 -0.0124812 -4.72687 299.923
152520 0.060886 5.3726 -0.00418465 -0.00495215 -0.0279761 -0.0124308 -4.72674 299.519
153140 0.061134 5.36353 0.00933223 0.00183142 -0.0282285 -0.0124398 -4.72657 299.979
153760 0.061382 5.36518 -0.00556205 -0.00192635 -0.0285249 -0.0124584 -4.7265 298.515
154380 0.06163 5.36369 0.00194446 -0.00305491 -0.0286818 -0.0125006 -4.72619 300.398
155000 0.061878 5.42676 -0.00225202 0.013493 -0.0286545 -0.0124817 -4.72612 299.629
155620 0.062126 5.41415 -0.00243905 -0.0175295 -0.0288886 -0.0126646 -4.72603 298.956
156240 0.062374 5.45691 0.00424713 0.0144075 -0.0289616 -0.012567 -4.72607 297.647
156860 0.062622 5.458 -0.00163738 -0.000584838 -0.0291064 -0.0127038 -4.72565 299.635
157480 0.06287 5.44122 0.00305205 -0.00538004 -0.0291951 -0.0128392 -4.72529 300.227
158100 0.063118 5.50837 -0.000164074 -0.00289735 -0.0290357 -0.0129611 -4.72527 300.068
158720 0.063366 5.45504 0.00122095 0.0020612 -0.0297823 -0.0127339 -4.72513 299.353
159340 0.063614 5.45743 -0.00315458 -0.000614901 -0.0299271 -0.0128921 -4.72524 297.838
159960 0.063862 5.49257 0.0133859 0.0093584 -0.0299519 -0.0128483 -4.72483 299.499
160580 0.06411 5.46198 -0.0311927 -0.00538215 -0.0305435 -0.0128669 -4.72486 297.36
161200 0.064358 5.50445 0.0176518 0.00314309 -0.030213 -0.0130358 -4.72453 299.045
161820 0.064606 5.53543 -0.00354858 0.00365587 -0.0304242 -0.0129859 -4.72429 299.132
162440 0.064854 5.55879 0.0013784 -0.00523294 -0.0304674 -0.0130852 -4.72399 300.685
163060 0.065102 5.52231 0.00470058 -0.00327072 -0.0308996 -0.0130623 -4.72394 299.515
163680 0.06535 5.54893 0.00033035 -0.00207554 -0.0308554 -0.0131789 -4.72377 299.859
164300 0.065598 5.57227 -0.00451479 0.00149469 -0.0310183 -0.0131735 -4.72367 300.154
164920 0.065846 5.63714 0.00578712 -0.00283344 -0.0307491 -0.0133521 -4.72342 300.816
165540 0.066094 5.57753 -0.00905181 0.0092932 -0.0315445 -0.013138 -4.72327 300.507
166160 0.066342 5.58776 -0.00986249 -0.00378668 -0.031613 -0.0132551 -4.72297 301.275
166780 0.06659 5.6148 0.0155048 0.00124015 -0.0315795 -0.0133165 -4.72271 301
167400 0.066838 5.59186 0.00746013 -0.00109757 -0.0319601 -0.0133721 -4.72275 300.569
168020 0.067086 5.57852 -0.0114399 -0.00155695 -0.0322799 -0.0133939 -4.72257 299.76
168640 0.067334 5.65142 0.0055023 -0.00650304 -0.0321288 -0.0135113 -4.72271 298.199
169260 0.067582 5.62836 0.0101765 0.00458433 -0.032474 -0.0134013 -4.72235 299.494
169880 0.06783 5.58489 -0.0158248 0.00148111 -0.0331848 -0.01334 -4.72229 298.553
170500 0.068078 5.63707 -4.71835e-05 -0.00151439 -0.0327688 -0.0135531 -4.72198 299.708
171120 0.068326 5.69997 0.00529054 0.00488563 -0.0325883 -0.0136622 -4.72184 299.958
171740 0.068574 5.65465 -0.000759374 -0.00687729 -0.0330742 -0.0136662 -4.72144 301.221
172360 0.068822 5.66443 -0.00844441 0.00383065 -0.0334369 -0.0135244 -4.72129 300.974
172980 0.06907 5.68285 0.00662039 0.00775303 -0.0334334 -0.0136804 -4.72132 299.612
173600 0.069318 5.67027 -0.00285148 -0.0105016 -0.0336957 -0.0137294 -4.72086 301.433
174220 0.069566 5.69289 0.00786406 0.0134139 -0.0337322 -0.0136951 -4.72046 303.011
174840 0.069814 5.72411 0.0047802 -0.0152735 -0.0337852 -0.0138819 -4.72075 300.307
175460 0.070062 5.66992 -0.0116436 0.0108167 -0.0344815 -0.0136846 -4.72052 300.412
176080 0.07031 5.64568 0.00254072 -0.000449906 -0.0348752 -0.0137028 -4.72044 299.489
176700 0.070558 5.63183 0.00168015 -0.00741321 -0.0351397 -0.0137633 -4.72043 298.468
177320 0.070806 5.64625 -0.00682604 0.00448326 -0.0352611 -0.0138175 -4.72022 298.814
177940 0.071054 5.6582 -0.00323509 -0.00461973 -0.0352342 -0.0139543 -4.71981 300.083
178560 0.071302 5.58714 0.020908 1.67443e-05 -0.0360069 -0.0138342 -4.72006 296.811
179180 0.07155 5.45682 -0.0196082 0.000978992 -0.0369479 -0.013696 -4.71958 299.62
179800 0.071798 5.17851 0.0161297 -0.00278376 -0.0382909 -0.0136859 -4.71964 299.232
180420 0.072046 3.85815 0.000867538 0.00585018 -0.0443124 -0.0135009 -4.72147 300.267
181040 0.072294 2.71168 0.00141669 -0.001039 -0.0486315 -0.0138207 -4.7222 302.105
181660 0.072542 3.09459 -0.0164475 0.00790884 -0.0487643 -0.0128727 -4.72208 301.206
182280 0.07279 2.86669 0.0170707 -0.00629914 -0.0486012 -0.0138843 -4.72233 300.469
182900 0.073038 3.00516 -0.00347476 3.56761e-05 -0.0490488 -0.0133048 -4.72206 300.885
183520 0.073286 2.80897 -0.00609809 0.00176686 -0.049291 -0.0138658 -4.7221 300.863
184140 0.073534 2.84123 0.000956866 0.000324329 -0.0500371 -0.0134432 -4.72217 299.877
184760 0.073782 2.90108 0.00476033 -0.0175166 -0.0493694 -0.0139957 -4.722 300.381
185380 0.07403 2.77404 -0.00189038 0.012829 -0.050556 -0.0136144 -4.72195 301.505
186000 0.074278 2.836 0.00218238 0.00359701 -0.0504631 -0.0136744 -4.72163 301.56
186620 0.074526 2.75189 -0.0126522 -0.00167345 -0.0509679 -0.0137794 -4.72181 300.612
187240 0.074774 2.76391 0.0108139 0.0118415 -0.0510787 -0.0137698 -4.72176 301.266
187860 0.075022 2.79354 0.00302912 0.001605 -0.0509694 -0.014073 -4.72178 299.653
188480 0.07527 2.72375 -0.00525813 -0.0259926 -0.0517373 -0.0139183 -4.72157 301.464
189100 0.075518 2.80541 1.41875e-05 0.0108386 -0.0511738 -0.0141562 -4.7215 301.191
189720 0.075766 2.81162 0.00352037 0.00458388 -0.0515552 -0.0140873 -4.7215 300.019
190340 0.076014 2.70961 -0.00173899 -0.00834823 -0.0518373 -0.0143943 -4.7216 299.934
190960 0.076262 2.69706 -0.0039156 0.00107799 -0.0527466 -0.0139242 -4.72142 299.921
191580 0.07651 2.71851 0.00601748 -0.00320475 -0.0523895 -0.0143261 -4.72143 299.999
192200 0.076758 2.69212 -0.014163 0.0136438 -0.0527573 -0.0142561 -4.72119 301.396
192820 0.077006 2.74016 0.0102052 -0.0059282 -0.052971 -0.01427 -4.72145 298.64
193440 0.077254 2.71926 0.00604373 0.00505479 -0.0528273 -0.014607 -4.72146 298.101
194060 0.077502 2.70964 -0.00966098 -0.0109266 -0.0531366 -0.0145922 -4.72097 301.868
194680 0.07775 2.58381 0.000167222 0.0136511 -0.0537889 -0.014638 -4.72122 299.494
195300 0.077998 2.72225 0.0112665 -0.00722851 -0.05359 -0.0146363 -4.72092 300.247
195920 0.078246 2.66087 -0.00854862 -0.00918392 -0.0536243 -0.014932 -4.72085 300.196
196540 0.078494 2.656 0.000457858 0.0122644 -0.0540222 -0.0147971 -4.7208 300.777
197160 0.078742 2.7286 0.00294581 -0.00320623 -0.0538679 -0.0150015 -4.72084 299.737
197780 0.07899 2.6971 0.00110408 -0.0127476 -0.0543492 -0.0149531 -4.72088 299.427
198400 0.079238 2.63733 -0.0190517 0.0209256 -0.0545229 -0.0150956 -4.72089 298.716
199020 0.079486 2.64535 0.0285288 -0.0152977 -0.0545011 -0.015312 -4.72078 298.679
199640 0.079734 2.7184 -0.00933399 0.013536 -0.0547249 -0.0150926 -4.72054 299.014
200260 0.079982 2.73725 -0.00341579 -0.00760629 -0.0546727 -0.0153156 -4.72055 299.022
200880 0.08023 2.59487 0.00317251 -0.00998747 -0.0550282 -0.015594 -4.72044 300.233
201500 0.080478 2.67295 -0.0163461 0.0187045 -0.055532 -0.0151007 -4.72024 299.874
202120 0.080726 2.62462 0.0156 -0.00329489 -0.0555462 -0.0154735 -4.72031 299.941
202740 0.080974 2.60345 0.00102205 -0.0148 -0.055949 -0.0155507 -4.72029 299.381
203360 0.081222 2.58013 -0.0137575 0.0181066 -0.0566676 -0.015206 -4.72035 298.619
203980 0.08147 2.66747 0.0165069 -0.00271429 -0.0559133 -0.0157661 -4.72022 298.371
204600 0.081718 2.63866 -0.00406457 -0.0144097 -0.0564657 -0.0155942 -4.72007 300.086
205220 0.081966 2.58947 0.00114034 0.0198235 -0.0566798 -0.0156771 -4.72004 299.893
205840 0.082214 2.6406 -0.00313908 -0.0094622 -0.0564461 -0.0159142 -4.71968 301.458
206460 0.082462 2.59989 -0.00241094 -0.00266811 -0.0566299 -0.0160388 -4.71962 301.525
207080 0.08271 2.6789 -0.000235688 0.00122961 -0.0567726 -0.0159794 -4.71984 299.631
207700 0.082958 2.59922 0.00220208 0.00170195 -0.0573016 -0.0159335 -4.71959 300.855
208320 0.083206 2.56248 -0.00426353 -0.00381876 -0.0576171 -0.016 -4.71953 301.014
208940 0.083454 2.695 0.0108286 0.00911507 -0.0572675 -0.0160233 -4.71928 301.219
209560 0.083702 2.6305 -0.00987325 -0.00775036 -0.0575764 -0.0163025 -4.71945 300.779
210180 0.08395 2.61706 0.00189725 -0.00494231 -0.058013 -0.0161618 -4.71928 300.654
210800 0.084198 2.57077 0.0123716 0.0112895 -0.0585282 -0.0160521 -4.71901 302.339
211420 0.084446 2.49842 -0.0154289 -0.0126043 -0.0590659 -0.0160849 -4.71927 300.526
212040 0.084694 2.52298 0.00818929 -0.00112842 -0.058688 -0.016458 -4.71928 299.955
212660 0.084942 2.64948 -0.00183153 0.0111399 -0.0585528 -0.0163502 -4.71899 300.74
213280 0.08519 2.52646 -0.00168976 -0.0167728 -0.0592977 -0.0164122 -4.71898 301.198
213900 0.085438 2.51894 0.00655116 0.0136135 -0.0594451 -0.0163974 -4.71892 301.332
214520 0.085686 2.55556 -0.00740154 -0.00476499 -0.0596388 -0.016524 -4.71908 298.965
215140 0.085934 2.60208 -0.00380293 0.0105062 -0.0594177 -0.0166426 -4.71915 298.371
215760 0.086182 2.52926 -0.00327957 -0.00341464 -0.0602321 -0.0165514 -4.71916 297.773
216380 0.08643 2.6045 0.021683 -0.00584033 -0.0597055 -0.0168725 -4.71892 298.906
217000 0.086678 2.50474 -0.0184884 -0.00295155 -0.0602378 -0.0169257 -4.71887 299.487
217620 0.086926 2.49741 -0.00495512 0.00403647 -0.0607988 -0.016661 -4.71847 301.552
218240 0.087174 2.49378 0.0192766 0.00666334 -0.0606987 -0.0169214 -4.71857 300.133
218860 0.087422 2.40188 -0.0086051 0.000107686 -0.0614989 -0.016884 -4.71863 299.696
219480 0.08767 2.43775 -0.00409155 -0.00137376 -0.0618127 -0.0167501 -4.71854 299.991
220100 0.087918 2.39239 0.00773406 -0.00544631 -0.0618794 -0.0169655 -4.71849 299.977
220720 0.088166 2.42333 -0.00899152 0.00657007 -0.0620797 -0.0168924 -4.71837 299.947
221340 0.088414 2.41297 0.00595462 0.0058291 -0.0621772 -0.016984 -4.71837 299.722
221960 0.088662 2.43457 -0.00549161 -0.0133734 -0.0622795 -0.0171789 -4.71831 299.621
222580 0.08891 2.34193 0.0024805 0.000343185 -0.0628264 -0.0172067 -4.71856 298.179
223200 0.089158 2.33984 0.00658098 0.00371529 -0.0629497 -0.0172201 -4.7184 298.659
223820 0.089406 2.2278 -0.0110369 0.0060479 -0.0641134 -0.0169259 -4.71834 299.04
224440 0.089654 2.26773 0.0254819 -0.0151061 -0.0637871 -0.0172841 -4.71833 298.676
225060 0.089902 2.23472 -0.0258846 0.0133946 -0.0645032 -0.0169793 -4.71808 299.155
225680 0.09015 2.2141 0.01341 -0.00416571 -0.0645145 -0.0172275 -4.71822 299.329
226300 0.090398 2.17917 -0.0130322 -0.00218809 -0.0655542 -0.0168146 -4.71802 299.942
226920 0.090646 2.24971 0.00475914 -0.00560905 -0.0644384 -0.0175098 -4.71789 300.577
227540 0.090894 2.27223 0.00601102 0.00688689 -0.064689 -0.0175055 -4.71785 299.569
228160 0.091142 2.20152 -0.000147093 0.00578396 -0.0653924 -0.0173121 -4.71805 299.248
228780 0.09139 2.10701 -0.01575 0.00179888 -0.0665764 -0.0169865 -4.71815 297.7
229400 0.091638 2.03533 0.00870413 -0.0112305 -0.0672513 -0.0168964 -4.71806 298.254
230020 0.091886 2.21653 0.00801008 0.00374643 -0.0657899 -0.0175363 -4.71773 299.637
230640 0.092134 2.24861 0.00312657 0.0121818 -0.0661558 -0.0174229 -4.71803 297.209
231260 0.092382 2.24936 -0.0063842 -0.0149268 -0.0655574 -0.0180684 -4.71775 298.63
231880 0.09263 2.26149 -0.0151135 -0.000732827 -0.0660964 -0.0177682 -4.71761 299.089
232500 0.092878 2.16994 0.0120953 0.00878774 -0.0666352 -0.0177024 -4.71731 301.843
233120 0.093126 2.20367 -0.00354451 0.0107528 -0.0665899 -0.0179088 -4.71738 300.893
233740 0.093374 2.10215 0.00965577 -0.02384 -0.0672529 -0.0180006 -4.71755 298.964
234360 0.093622 2.03638 -0.0108597 0.010053 -0.0685773 -0.0173106 -4.71747 300.113
234980 0.09387 2.0789 0.0114158 0.00325904 -0.0682546 -0.0176394 -4.7174 299.471
235600 0.094118 2.117 -0.0080486 -0.00883806 -0.0677752 -0.0181276 -4.71736 299.057
236220 0.094366 2.12644 0.00639953 0.00172357 -0.0682273 -0.0178816 -4.71733 299.124
236840 0.094614 2.05566 -0.00180405 0.0142245 -0.0691356 -0.0176261 -4.71734 298.813
237460 0.094862 2.03854 -0.00414989 -0.00914173 -0.0696192 -0.0176433 -4.71741 298.305
238080 0.09511 2.00862 -0.0175925 -0.00206735 -0.0700551 -0.0174892 -4.71737 298.699
238700 0.095358 1.96412 0.0176285 0.00244129 -0.0703174 -0.0175689 -4.71729 299.102
239320 0.095606 1.91547 0.00870405 -0.001223 -0.071076 -0.0173314 -4.71717 298.567
239940 0.095854 1.80698 -0.0104522 0.00698628 -0.07246 -0.0169235 -4.71725 298.426
240560 0.096102 1.67345 0.0110679 -0.0120084 -0.0734129 -0.0166888 -4.71717 300.134
241180 0.09635 0.757659 -0.0134665 -5.20229e-05 -0.0800667 -0.0147739 -4.71901 302.669
241800 0.096598 -0.0835266 -0.0173151 -0.00092996 -0.0858146 -0.0133536 -4.72148 299.223
242420 0.096846 -0.0337916 0.0115486 -0.00417384 -0.0855616 -0.0135758 -4.72147 299.328
243040 0.097094 -0.064093 0.00281888 0.0202857 -0.0860837 -0.0134101 -4.72167 297.539
243660 0.097342 -0.0686478 0.00664837 -0.00512262 -0.0860012 -0.0137608 -4.72158 298.61
244280 0.09759 -0.0952391 -0.0133263 -0.00772605 -0.0864191 -0.0137333 -4.72145 299.426
244900 0.097838 -0.0620549 0.00147616 0.00180912 -0.086274 -0.0139604 -4.72152 299.133
245520 0.098086 -0.0435709 0.0136024 0.0056267 -0.0864245 -0.0138937 -4.72133 299.966
246140 0.098334 -0.034911 0.000837816 0.00286451 -0.0865289 -0.0140041 -4.72151 298.703
246760 0.098582 -0.0235911 -0.0134487 -0.00682247 -0.0866821 -0.0141426 -4.72152 299.24
247380 0.09883 -0.0566795 0.00260938 0.00168123 -0.0868493 -0.0142812 -4.72134 299.815
248000 0.099078 -0.038755 0.0014469 -0.0113786 -0.086821 -0.0143989 -4.72138 299.871
248620 0.099326 -0.0505362 -0.0100175 0.00790589 -0.0871095 -0.0144415 -4.72151 298.723
249240 0.099574 -0.0332177 0.0153185 0.00648535 -0.0870925 -0.0145896 -4.72159 298.257
249860 0.099822 -0.0654275 0.00325959 -0.00161185 -0.0873635 -0.0146729 -4.72139 300.106
250480 0.10007 -0.0364427 -0.00608253 -0.00880114 -0.0873136 -0.0147315 -4.72112 301.888
251100 0.100318 -0.0500598 -0.00482306 0.00960544 -0.0876018 -0.0147168 -4.72131 300.71
251720 0.100566 -0.0280709 -0.000944191 -0.00635972 -0.0876991 -0.0148718 -4.72127 300.539
252340 0.100814 0.0251944 0.00926463 -0.00524076 -0.0875865 -0.0150462 -4.72149 299.128
252960 0.101062 -0.0194682 -0.0189106 0.0104066 -0.0879241 -0.0150805 -4.72148 298.57
253580 0.10131 -0.0388891 0.0061088 -0.00687863 -0.087985 -0.0152662 -4.72162 298.985
254200 0.101558 0.0666903 0.0112445 0.00296704 -0.0877544 -0.0153148 -4.72122 300.111
254820 0.101806 -0.017112 -0.00593857 0.0135049 -0.0883205 -0.0153398 -4.7215 299.175
255440 0.102054 0.0109633 0.00536307 -0.0164396 -0.0882022 -0.0156409 -4.72151 298.685
256060 0.102302 0.0218407 -0.0100748 0.0011755 -0.0884022 -0.0156246 -4.72137 299.86
256680 0.10255 0.053163 0.0156866 -0.00528282 -0.0883449 -0.0157472 -4.72145 299.537
257300 0.102798 0.0535415 -0.0113273 0.0117862 -0.0885593 -0.0157538 -4.72122 300.675
257920 0.103046 0.0541976 0.00572366 -0.00846107 -0.0885017 -0.0160222 -4.72138 300.236
258540 0.103294 0.0235375 -0.00527258 -0.00845863 -0.0887367 -0.0161368 -4.72129 299.833
259160 0.103542 0.0866053 -0.00910096 0.014378 -0.0888152 -0.0160291 -4.72131 299.892
259780 0.10379 0.0484426 0.0118176 -0.00510021 -0.0889822 -0.0162613 -4.72158 298.073
260400 0.104038 0.0656066 0.0019915 0.0103809 -0.0890538 -0.0163614 -4.72162 297.781
261020 0.104286 0.0572152 0.000225419 -0.00531883 -0.0890872 -0.0165223 -4.7214 299.163
261640 0.104534 0.0836384 -0.00765658 -0.00701568 -0.089341 -0.0164496 -4.72166 297.461
262260 0.104782 0.065468 0.00314138 0.000695863 -0.0894618 -0.0165526 -4.72139 299.182
262880 0.10503 0.135552 -0.00373329 0.0194331 -0.0894809 -0.0165858 -4.72156 298.143
263500 0.105278 0.0877827 0.0101503 -0.0172808 -0.0894735 -0.016944 -4.7214 298.743
264120 0.105526 0.0697318 0.000676328 -0.00518241 -0.0896681 -0.0170579 -4.72129 299.927
264740 0.105774 0.0873787 -0.0154552 0.00738041 -0.0897844 -0.0170228 -4.72109 301.09
265360 0.106022 0.141905 0.00827736 0.00368893 -0.0897025 -0.01707 -4.72104 301.5
265980 0.10627 0.114877 0.0128207 -0.00457439 -0.0898122 -0.0172586 -4.72119 300.446
266600 0.106518 0.106031 -0.0160516 0.00443931 -0.0901839 -0.0172161 -4.72118 300.921
267220 0.106766 0.144395 0.00331871 -0.00336336 -0.0902303 -0.0172956 -4.72142 298.395
267840 0.107014 0.144778 8.00766e-05 -0.00604994 -0.0903236 -0.0174616 -4.72124 300.584
268460 0.107262 0.145022 -0.00775016 0.00964378 -0.0904638 -0.0174222 -4.72111 301.199
269080 0.10751 0.154749 0.0155522 -0.000823316 -0.0903662 -0.0177102 -4.72123 300.672
269700 0.107758 0.173079 0.00736551 0.000446201 -0.0903682 -0.0178755 -4.72136 299.02
270320 0.108006 0.120871 -0.0129538 -0.00219952 -0.0906891 -0.0180306 -4.72145 298.871
270940 0.108254 0.112194 -0.00945465 0.0011079 -0.0908842 -0.0181189 -4.7214 298.599
271560 0.108502 0.155302 0.0137048 -0.00673164 -0.0907709 -0.0182317 -4.72117 300.087
272180 0.10875 0.17016 -0.0109197 0.0129122 -0.0910417 -0.0181336 -4.72115 300.627
272800 0.108998 0.191393 -0.00065196 -0.0151761 -0.0909812 -0.018372 -4.7212 299.912
273420 0.109246 0.145823 0.00645791 0.0100872 -0.0912496 -0.0183321 -4.72114 300.703
274040 0.109494 0.178106 0.00405674 0.00251568 -0.0913067 -0.0184772 -4.72114 300.383
274660 0.109742 0.168826 -0.0112035 -0.00910058 -0.0914191 -0.0186658 -4.72132 298.995
275280 0.10999 0.192834 0.000285756 -0.0153406 -0.0913909 -0.0187988 -4.72121 300.489
275900 0.110238 0.18267 0.00160314 0.0178078 -0.0916253 -0.0187716 -4.72131 298.61
276520 0.110486 0.183129 0.0119318 0.00396994 -0.0916558 -0.0190042 -4.72137 298.996
277140 0.110734 0.183113 -0.00137901 -0.000108685 -0.0917251 -0.0190763 -4.72123 298.946
277760 0.110982 0.167794 -0.0105935 -0.000442326 -0.0919587 -0.0191308 -4.7212 300.09
278380 0.11123 0.187088 0.00238091 -0.0119478 -0.0919629 -0.0193036 -4.7214 298.523
279000 0.111478 0.244966 -0.00486524 0.00260547 -0.0920612 -0.0193196 -4.72131 298.37
279620 0.111726 0.231499 0.0127938 0.00565092 -0.092106 -0.0193917 -4.72132 298.943
280240 0.111974 0.217343 0.000881113 0.00375718 -0.0922231 -0.0195191 -4.72103 300.763
280860 0.112222 0.230712 -0.00710147 -0.000494953 -0.0922891 -0.0196167 -4.72083 301.895
281480 0.11247 0.228705 0.00287218 0.00599338 -0.0925 -0.0196221 -4.72112 299.886
282100 0.112718 0.222155 -0.00188628 -0.018885 -0.0925799 -0.0198237 -4.72089 301.555
282720 0.112966 0.245729 -0.000749554 0.00085951 -0.0926069 -0.0198437 -4.72092 301.204
283340 0.113214 0.223799 -0.000594363 0.0187713 -0.092854 -0.0198799 -4.72092 300.962
283960 0.113462 0.266666 0.0204436 -0.00360576 -0.0926797 -0.0201242 -4.72098 300.782
284580 0.11371 0.237916 -0.0173409 -0.00794407 -0.0929674 -0.0202734 -4.72106 300.435
285200 0.113958 0.230382 -0.00896855 -0.002457 -0.0930979 -0.020347 -4.72124 298.76
285820 0.114206 0.230857 0.00720598 -0.00695809 -0.0931251 -0.0205328 -4.7211 299.391
286440 0.114454 0.282784 0.00458071 0.0131789 -0.093157 -0.0204213 -4.72109 299.776
287060 0.114702 0.270242 -0.00405786 0.000438233 -0.0933419 -0.0205492 -4.72092 300.851
287680 0.11495 0.300047 0.000587967 -0.00369382 -0.0933508 -0.0207162 -4.72088 300.793
288300 0.115198 0.266387 -0.00514595 -0.00373467 -0.0934663 -0.0209533 -4.72113 299.165
288920 0.115446 0.284341 0.00900856 0.00919271 -0.0935966 -0.0209 -4.72119 298.858
289540 0.115694 0.312188 0.00217486 -0.00250746 -0.0936832 -0.0210363 -4.72112 298.594
290160 0.115942 0.307201 -0.00821652 0.0043803 -0.0937713 -0.0211247 -4.72116 299.193
290780 0.11619 0.297784 -0.000343493 -0.0101932 -0.0938602 -0.0213637 -4.72128 298.06
291400 0.116438 0.332196 9.46204e-05 -0.00893577 -0.0938898 -0.0213558 -4.72091 300.445
292020 0.116686 0.306648 -0.00409667 0.0163665 -0.0940769 -0.0213402 -4.72099 299.899
292640 0.116934 0.324748 0.0106036 -0.00143611 -0.0941128 -0.0215308 -4.72104 299.059
293260 0.117182 0.307193 -0.00562043 -0.00131979 -0.0944292 -0.0215519 -4.72111 299.042
293880 0.11743 0.363029 -0.00727956 0.000782921 -0.0943816 -0.0216338 -4.72107 299.217
294500 0.117678 0.370415 0.0168854 -0.00904272 -0.0942613 -0.0218882 -4.72099 299.011
295120 0.117926 0.311472 -0.00855142 0.0188976 -0.0945723 -0.0218948 -4.7209 299.902
295740 0.118174 0.339997 0.00654441 -0.00422477 -0.0945125 -0.0220853 -4.72087 300.899
296360 0.118422 0.320438 -0.0032375 -0.0134808 -0.0947143 -0.0223038 -4.72124 297.105
296980 0.11867 0.318752 -0.0100501 0.00681002 -0.0948728 -0.0222103 -4.72101 299.948
297600 0.118918 0.383757 0.00336705 0.0044183 -0.0948869 -0.0222642 -4.72084 299.854
298220 0.119166 0.366521 0.00543321 -0.00878579 -0.0949918 -0.0224915 -4.72108 298.129
298840 0.119414 0.339686 -0.015442 -0.00302053 -0.0951474 -0.0225918 -4.72106 298.885
299460 0.119662 0.370186 0.0189962 -0.00970846 -0.095146 -0.0226563 -4.72093 298.983
300080 0.11991 0.379338 -0.00539993 0.0233721 -0.0953229 -0.0227077 -4.72096 299.108
300700 0.120158 0.400846 -0.00112956 0.00097726 -0.0953709 -0.0227709 -4.7207 300.4
301320 0.120406 0.394771 -0.000188904 -0.0148632 -0.0954345 -0.0229537 -4.72085 299.793
301940 0.120654 0.382267 -0.00948281 -0.00229672 -0.0956094 -0.0230729 -4.72082 300.168
302560 0.120902 0.373346 0.00932655 0.0103362 -0.0956462 -0.0231202 -4.72068 300.514
303180 0.12115 0.369956 0.00692062 0.00318836 -0.0958149 -0.0231602 -4.72062 301.154
303800 0.121398 0.412383 -0.00578112 -0.00669356 -0.0957592 -0.0233518 -4.72038 302.629
304420 0.121646 0.409098 -0.000762293 0.00309266 -0.0959539 -0.0233623 -4.72065 300.907
305040 0.121894 0.441056 -0.00232265 -0.000433903 -0.0959477 -0.0234063 -4.72044 302.166
305660 0.122142 0.403819 0.00611942 -0.00494191 -0.0961061 -0.0235847 -4.72055 301.16
306280 0.12239 0.410594 -0.0131548 0.0155745 -0.0963971 -0.0235568 -4.72069 300.273
306900 0.122638 0.399378 0.0173061 -0.019895 -0.0962726 -0.0239627 -4.72087 298.831
307520 0.122886 0.40992 -0.0046776 0.0104584 -0.0964791 -0.0239313 -4.72083 298.471
308140 0.123134 0.456456 -0.00175411 0.00336913 -0.0965111 -0.0239653 -4.72082 298.791
308760 0.123382 0.386996 -0.0030423 -0.00261426 -0.0966608 -0.0242089 -4.72096 298.593
309380 0.12363 0.455969 0.00743801 0.00438347 -0.0966206 -0.0241921 -4.72061 300.351
310000 0.123878 0.418073 0.00315632 -0.00953118 -0.0968152 -0.0244117 -4.72076 298.541
310620 0.124126 0.421596 -0.0311265 0.00575769 -0.0970465 -0.0243503 -4.72085 298.373
311240 0.124374 0.446172 0.0230599 -0.0106117 -0.0968539 -0.0245676 -4.72059 299.944
311860 0.124622 0.462398 -0.00112867 0.0100253 -0.0970754 -0.0244844 -4.72069 299.53
312480 0.12487 0.436628 -0.00204406 -0.00278788 -0.097224 -0.0247229 -4.72094 297.038
313100 0.125118 0.462204 0.0131678 -0.00262738 -0.0971729 -0.0248622 -4.72065 299.909
313720 0.125366 0.480309 -0.00955097 0.00772512 -0.0973127 -0.0247753 -4.72042 301.374
314340 0.125614 0.470339 -0.00367585 -0.00338287 -0.09739 -0.0249311 -4.7205 300.743
314960 0.125862 0.434939 0.00442141 -0.00754894 -0.097487 -0.0251546 -4.72043 301.358
315580 0.12611 0.48651 -0.0067385 0.0186264 -0.0976472 -0.0250693 -4.72023 301.803
316200 0.126358 0.441056 0.0162355 -0.00958318 -0.0976302 -0.0253941 -4.7204 300.725
316820 0.126606 0.513198 -0.0116919 0.000480186 -0.097767 -0.0253678 -4.72063 298.74
317440 0.126854 0.489022 -0.0020597 -0.00323394 -0.0978961 -0.0254519 -4.72061 299.504
318060 0.127102 0.48233 0.00346551 -0.00473939 -0.0978967 -0.0256423 -4.72036 300.936
318680 0.12735 0.47825 -0.0124533 0.00710535 -0.0981176 -0.0256897 -4.72066 299.074
319300 0.127598 0.518066 0.00911978 -0.0146322 -0.098074 -0.0259199 -4.72075 297.548
319920 0.127846 0.492238 0.00535097 0.007825 -0.0982776 -0.0259753 -4.7206 298.425
320540 0.128094 0.508397 -0.000140646 0.0125416 -0.098339 -0.0259479 -4.72061 298.587
321160 0.128342 0.501211 0.00976864 -0.00999583 -0.0983921 -0.0262545 -4.72075 297.868
321780 0.12859 0.492432 -0.0200045 0.00450404 -0.0986573 -0.0261444 -4.72063 298.595
322400 0.128838 0.495798 0.00786045 -0.0124856 -0.0985674 -0.026366 -4.72064 298.233
323020 0.129086 0.506013 -0.00777015 0.00842651 -0.0987386 -0.0263895 -4.72061 298.601
323640 0.129334 0.501449 0.00629591 -0.000383106 -0.0988031 -0.0265779 -4.72046 299.467
324260 0.129582 0.516106 0.00241365 0.00130381 -0.0988551 -0.026612 -4.72043 299.16
324880 0.12983 0.521412 -0.002892 0.0101434 -0.0990147 -0.0266106 -4.72028 300.87
325500 0.130078 0.518742 0.0107291 -0.0145561 -0.099059 -0.0268061 -4.72027 300.852
326120 0.130326 0.505449 -0.0184523 0.00496502 -0.0992493 -0.0267842 -4.72007 302.123
326740 0.130574 0.513499 -0.000521615 -0.0027117 -0.0992831 -0.0269712 -4.72018 300.891
327360 0.130822 0.528633 0.0153814 -0.00323792 -0.0992565 -0.0271375 -4.72019 300.658
327980 0.13107 0.520573 -0.00995172 0.00910114 -0.099557 -0.0270894 -4.72026 300.663
328600 0.131318 0.51956 0.0115078 -0.0113315 -0.0994529 -0.0273597 -4.71993 302.194
329220 0.131566 0.560903 -0.0246571 0.0168875 -0.0997505 -0.0271866 -4.72017 300.432
329840 0.131814 0.574578 0.0165167 -0.0175193 -0.0995847 -0.0275323 -4.72022 299.562
330460 0.132062 0.543427 0.00223428 0.00897109 -0.0999063 -0.0275038 -4.72043 298.705
331080 0.13231 0.544123 -0.00273499 0.00105028 -0.0998767 -0.0277366 -4.72049 298.368
331700 0.132558 0.532231 0.00079884 -0.000135631 -0.100097 -0.0277799 -4.72033 299.104
332320 0.132806 0.545242 0.0118816 0.00457253 -0.100112 -0.0278784 -4.72017 300.04
332940 0.133054 0.559675 -0.0181656 0.00640668 -0.100302 -0.0279134 -4.72026 299.693
333560 0.133302 0.548567 0.00365792 -0.016784 -0.100259 -0.0280964 -4.72025 299.33
334180 0.13355 0.540553 0.00107359 -0.00187012 -0.10044 -0.0281829 -4.72033 299.432
334800 0.133798 0.543709 -0.00287055 -0.000100963 -0.100578 -0.0282687 -4.72032 298.569
335420 0.134046 0.579497 0.00895979 0.0092022 -0.100527 -0.0283045 -4.72017 299.624
336040 0.134294 0.573821 0.00614921 0.00555856 -0.100631 -0.0284505 -4.72018 299.497
336660 0.134542 0.598599 -0.00613399 0.00337303 -0.100746 -0.0284999 -4.71997 299.903
337280 0.13479 0.600495 0.000437036 -0.0157192 -0.100909 -0.0286065 -4.72021 298.947
337900 0.135038 0.548905 -0.0167329 -0.00207969 -0.100976 -0.0287836 -4.72024 298.768
338520 0.135286 0.584675 0.00972209 0.00013559 -0.100993 -0.0288943 -4.7204 297.661
339140 0.135534 0.577547 0.00407762 0.0110066 -0.10113 -0.0289185 -4.7201 299.444
339760 0.135782 0.58249 0.00366475 0.00171458 -0.101113 -0.029055 -4.72001 300.637
340380 0.13603 0.617866 -0.0020381 -0.0124391 -0.101211 -0.029136 -4.71985 299.999
341000 0.136278 0.575708 -0.00649203 0.0129476 -0.101487 -0.0291923 -4.72016 298.915
341620 0.136526 0.607848 0.00434966 -0.0114184 -0.101424 -0.0293317 -4.72003 299.996
342240 0.136774 0.597771 -0.00676663 0.00148885 -0.101558 -0.0293587 -4.71985 300.825
342860 0.137022 0.600191 -0.000244048 0.00140317 -0.1016 -0.0295481 -4.71979 300.846
343480 0.13727 0.606055 0.00998746 0.00395788 -0.101757 -0.0295731 -4.72001 298.74
344100 0.137518 0.626847 6.15108e-05 0.0076038 -0.101818 -0.0296826 -4.72018 298.009
344720 0.137766 0.63598 0.00943845 -0.0131564 -0.101881 -0.0298482 -4.72007 298.731
345340 0.138014 0.600033 -0.0286381 0.00895115 -0.102149 -0.0298528 -4.72012 298.552
345960 0.138262 0.607036 0.012931 -0.0160193 -0.102018 -0.0301176 -4.72007 298.727
346580 0.13851 0.618515 -0.00291218 0.00926496 -0.102235 -0.0301509 -4.72 299.122
347200 0.138758 0.649961 0.000344384 -0.000967224 -0.102205 -0.030234 -4.71994 298.536
347820 0.139006 0.606202 -0.000453881 0.00490362 -0.102363 -0.0302689 -4.71987 300.286
348440 0.139254 0.626787 0.0128512 -0.00513357 -0.102399 -0.0304413 -4.71968 300.779
349060 0.139502 0.590597 -0.00587768 0.0078813 -0.102625 -0.0304566 -4.71971 301.293
349680 0.13975 0.590104 -0.001871 -0.00421025 -0.102687 -0.0306721 -4.71992 298.992
350300 0.139998 0.64023 -0.0044309 -0.0078382 -0.102768 -0.0306746 -4.71975 300.168
350920 0.140246 0.619166 -0.00200598 0.00145296 -0.102807 -0.0307906 -4.71975 300.806
351540 0.140494 0.647438 0.0141921 0.000986281 -0.102857 -0.0308406 -4.71946 301.768
352160 0.140742 0.66702 -0.0171672 0.0136233 -0.103056 -0.0308352 -4.7196 300.295
352780 0.14099 0.644515 0.0100923 -0.0203841 -0.102952 -0.0311478 -4.71969 300.401
353400 0.141238 0.651525 -0.00968964 0.00649061 -0.103253 -0.0310934 -4.71961 301.061
354020 0.141486 0.648337 0.00968559 0.00178948 -0.103205 -0.0311552 -4.71952 300.786
354640 0.141734 0.680098 0.00480385 0.00492968 -0.10334 -0.0312687 -4.71951 300.422
355260 0.141982 0.667205 -0.00905696 -0.00328456 -0.103434 -0.0314479 -4.71973 299.978
355880 0.14223 0.659417 -0.00182241 -0.00755657 -0.103513 -0.0315794 -4.71964 299.841
356500 0.142478 0.652806 0.0026599 0.00245574 -0.103591 -0.0316137 -4.71961 300.207
357120 0.142726 0.689617 0.00505009 0.0135537 -0.103669 -0.03162 -4.71954 300.422
357740 0.142974 0.647657 -0.00107547 -0.00542292 -0.103835 -0.0318851 -4.71956 300.187
358360 0.143222 0.658466 0.00956911 -0.00776948 -0.103853 -0.032023 -4.71934 300.947
358980 0.14347 0.664025 -0.023117 0.0156141 -0.104068 -0.0319776 -4.71909 302.462
359600 0.143718 0.691369 0.0189769 -0.0226386 -0.10389 -0.0322883 -4.71953 299.721
360220 0.143966 0.662329 -0.0142161 0.016991 -0.104233 -0.0321773 -4.71942 301.064
360840 0.144214 0.680888 0.00852745 -0.00701551 -0.104165 -0.0323998 -4.7194 300.205
361460 0.144462 0.654852 -0.00444349 0.000581662 -0.104368 -0.0324707 -4.7195 299.924
362080 0.14471 0.698 -0.00277369 -0.00519406 -0.104325 -0.0325901 -4.71934 300.777
362700 0.144958 0.682438 0.00223939 0.00480104 -0.104468 -0.0325323 -4.71914 302.216
363320 0.145206 0.703695 0.00710166 0.000573005 -0.104474 -0.0326675 -4.71929 301.011
363940 0.145454 0.707198 -0.0066859 0.00072534 -0.104679 -0.0328135 -4.71943 300.552
364560 0.145702 0.698917 0.00379144 -0.0025582 -0.104771 -0.0329185 -4.71952 299.185
365180 0.14595 0.677968 -0.00465665 0.012105 -0.105015 -0.0329451 -4.7197 297.553
365800 0.146198 0.668482 0.0169785 -0.0234205 -0.104894 -0.03321 -4.71956 299.609
366420 0.146446 0.698093 -0.0226078 0.0197012 -0.105331 -0.0330105 -4.71966 297.628
367040 0.146694 0.695859 0.0109077 -0.0074235 -0.10509 -0.0334331 -4.71953 298.936
367660 0.146942 0.687277 0.00418555 0.00826543 -0.105194 -0.0334224 -4.71933 299.293
368280 0.14719 0.688002 -0.00818636 -0.000676632 -0.105342 -0.0334523 -4.71926 300.646
368900 0.147438 0.711019 0.00164428 -0.0080502 -0.105348 -0.0335962 -4.71923 300.202
369520 0.147686 0.717915 -0.00215214 0.00703838 -0.105461 -0.0336841 -4.71942 299.08
370140 0.147934 0.688597 0.00775851 -0.00512385 -0.105557 -0.0338535 -4.71931 299.138
370760 0.148182 0.677644 0.00083655 0.00580575 -0.105637 -0.0339116 -4.71904 301.843
371380 0.14843 0.714969 0.000848901 0.000835087 -0.105769 -0.0339002 -4.71905 301.179
372000 0.148678 0.717928 -0.00602005 -0.00894924 -0.105871 -0.0340164 -4.71912 300.205
372620 0.148926 0.754938 -0.0012433 -0.0069309 -0.105951 -0.0341246 -4.7192 299.511
373240 0.149174 0.736838 0.00330095 0.0206591 -0.106074 -0.0340836 -4.71929 298.775
373860 0.149422 0.745615 0.0159764 -0.00137246 -0.106065 -0.0342657 -4.71915 299.054
374480 0.14967 0.708664 -0.0207865 -0.00367484 -0.10629 -0.0344382 -4.71925 298.844
