# Time-averaged data for fix ss
# step strain sxx(GPa) syy(GPa) szz(GPa) eyy ezz pe/atom(eV) T(K)
20 0.00015 0.0865435 -0.184844 -0.113828 0.000123077 7.55292e-05 -4.74841 297.296
40 0.00035 0.147577 -0.0260613 -0.0327831 0.00051699 0.000321763 -4.74842 297.72
60 0.00055 0.222386 0.103377 0.077324 0.000960241 0.000618633 -4.74856 299.427
80 0.00075 0.315372 0.156023 0.157178 0.00124015 0.000789535 -4.74901 303.663
100 0.00095 0.385272 0.125853 0.155111 0.00126872 0.000707169 -4.74884 302.843
120 0.00115 0.403708 0.0512449 0.0794928 0.00109052 0.000373061 -4.74797 296.509
140 0.00135 0.406796 -0.0284122 -0.0412638 0.000826312 -8.83424e-05 -4.74767 294.948
160 0.00155 0.399912 -0.075111 -0.109047 0.000605404 -0.000488527 -4.74834 301.611
180 0.00175 0.376925 -0.0640512 -0.121339 0.000502184 -0.000713471 -4.74891 307.962
200 0.00195 0.361291 -0.0236414 -0.131646 0.000503542 -0.000733175 -4.74814 303.718
220 0.00215 0.378531 0.0341103 -0.0930152 0.000542876 -0.000538391 -4.74761 301.235
240 0.00235 0.412668 0.0947637 -0.00193191 0.000524046 -0.000193516 -4.74783 304.651
260 0.00255 0.435826 0.12729 0.0837613 0.000349035 0.000156488 -4.74797 307.327
280 0.00275 0.449851 0.106862 0.106157 -3.49409e-05 0.000375731 -4.74768 306.118
300 0.00295 0.47499 -0.0168806 0.0718991 -0.000583938 0.000424698 -4.74719 303.007
320 0.00315 0.513317 -0.140666 0.026017 -0.00110577 0.000353327 -4.74737 304.81
340 0.00335 0.552422 -0.181854 -0.0239347 -0.00140454 0.000238912 -4.74774 307.732
360 0.00355 0.583834 -0.188489 -0.0420265 -0.00140106 0.000160185 -4.7473 303.709
380 0.00375 0.636063 -0.122701 -0.00118444 -0.00108958 0.00014362 -4.74727 302.226
400 0.00395 0.700679 0.0217393 0.0644622 -0.00058167 0.000125402 -4.74787 304.949
420 0.00415 0.737092 0.152493 0.114968 -0.000105606 4.92195e-07 -4.7481 304.138
440 0.00435 0.749933 0.208093 0.10966 0.000125033 -0.00031145 -4.74814 301.63
460 0.00455 0.753276 0.165306 0.0317276 1.9293e-05 -0.000798869 -4.74816 299.531
480 0.00475 0.697616 0.0752758 -0.0754541 -0.00036089 -0.00133774 -4.7484 300.038
500 0.00495 0.625599 -0.0572041 -0.193865 -0.000861685 -0.00174776 -4.74817 297.472
520 0.00515 0.635515 -0.154662 -0.226601 -0.00127171 -0.00184437 -4.74853 299.897
540 0.00535 0.73545 -0.146877 -0.159139 -0.00143723 -0.00157451 -4.74904 303.495
560 0.00555 0.848199 -0.0652145 -0.063532 -0.0013651 -0.0010377 -4.748 295.03
580 0.00575 0.949415 0.059869 0.101553 -0.00118954 -0.000404328 -4.74751 291.227
600 0.00595 1.02549 0.14984 0.228436 -0.00111002 6.39174e-05 -4.74795 295.367
620 0.00615 1.02282 0.144687 0.232521 -0.00126923 0.000164949 -4.74824 298.657
640 0.00635 0.970975 0.0606478 0.162048 -0.00166186 -0.000117638 -4.74854 302.087
660 0.00655 0.88843 -0.074796 0.0351552 -0.00214841 -0.000665056 -4.74807 299.511
680 0.00675 0.845426 -0.161127 -0.0823393 -0.00251678 -0.00127341 -4.74822 301.787
700 0.00695 0.843927 -0.174703 -0.189241 -0.00262327 -0.00174203 -4.74788 300.275
720 0.00715 0.870546 -0.111477 -0.206795 -0.00244671 -0.00190336 -4.74745 298.007
740 0.00735 0.952174 -0.00938035 -0.0845048 -0.00208862 -0.00173831 -4.74821 305.095
760 0.00755 1.05521 0.0579698 0.0247954 -0.001709 -0.00142752 -4.7479 303.733
780 0.00775 1.12477 0.115436 0.0971159 -0.00142728 -0.00115377 -4.74703 297.876
800 0.00795 1.17097 0.15747 0.149553 -0.00133826 -0.00104233 -4.74719 300.135
820 0.00815 1.18936 0.139525 0.127098 -0.00150687 -0.0011723 -4.74773 305.419
840 0.00835 1.18433 0.0480492 0.0364736 -0.00190006 -0.00150731 -4.74772 306.232
860 0.00855 1.16258 -0.068692 -0.0896078 -0.00236967 -0.00189742 -4.74697 300.967
880 0.00875 1.15726 -0.127323 -0.152459 -0.00273055 -0.00214509 -4.74677 300.075
900 0.00895 1.1516 -0.0916326 -0.12524 -0.00289049 -0.00214932 -4.74715 303.708
920 0.00915 1.18222 -0.0243342 -0.0895563 -0.00289987 -0.00194178 -4.74704 303.339
940 0.00935 1.23483 0.0333856 -0.00818658 -0.00286668 -0.00159085 -4.74731 305.766
960 0.00955 1.28326 0.0643783 0.0771851 -0.00288557 -0.00122653 -4.74721 304.923
980 0.00975 1.29794 0.0759022 0.124049 -0.00301062 -0.000986296 -4.74656 299.239
1000 0.00995 1.31672 0.0542569 0.156006 -0.00325877 -0.00095479 -4.74685 300.629
1020 0.01015 1.32644 -0.00323032 0.114459 -0.003593 -0.00117544 -4.74715 301.918
1040 0.01035 1.31285 -0.0797924 0.0213727 -0.00391988 -0.00158242 -4.74749 303.209
1060 0.01055 1.30995 -0.144916 -0.0667659 -0.00411349 -0.00202647 -4.74771 303.329
1080 0.01075 1.32286 -0.13895 -0.132661 -0.00407369 -0.00236077 -4.74752 300.13
1100 0.01095 1.35036 -0.0654404 -0.131776 -0.00380882 -0.00248058 -4.74705 294.939
1120 0.01115 1.39754 0.0575697 -0.0406273 -0.00344119 -0.00239248 -4.74744 297.031
1140 0.01135 1.45454 0.14866 0.0313053 -0.00316443 -0.00223154 -4.74756 297.515
1160 0.01155 1.50052 0.17035 0.0689623 -0.00312818 -0.00211825 -4.74737 295.809
1180 0.01175 1.51363 0.130519 0.0840562 -0.00337164 -0.00211867 -4.7475 296.933
1200 0.01195 1.50993 0.027409 0.0396303 -0.00382628 -0.00225213 -4.74767 298.618
1220 0.01215 1.49823 -0.0862029 -0.0328346 -0.00432707 -0.00244871 -4.7476 298.601
1240 0.01235 1.48074 -0.141575 -0.0748573 -0.0046922 -0.00259499 -4.74726 296.632
1260 0.01255 1.49653 -0.132139 -0.0646845 -0.00482855 -0.00262274 -4.74727 297.64
1280 0.01275 1.54793 -0.0706479 -0.0205623 -0.00474949 -0.00254608 -4.74733 299.314
1300 0.01295 1.59214 0.0368508 0.0225941 -0.00455799 -0.00243382 -4.74704 298.493
1320 0.01315 1.60587 0.118239 0.0469333 -0.00442407 -0.00235612 -4.74664 297.176
1340 0.01335 1.61104 0.0999236 0.0496484 -0.0044733 -0.00235478 -4.74652 298.451
1360 0.01355 1.62814 0.04598 0.0210957 -0.00468806 -0.00243232 -4.74695 304.25
1380 0.01375 1.64709 -0.0144775 -3.83737e-05 -0.00498126 -0.00254795 -4.74726 308.785
1400 0.01395 1.65488 -0.0901509 -0.0202292 -0.00525038 -0.00266455 -4.74658 304.812
1420 0.01415 1.68144 -0.139589 -0.0350909 -0.00537251 -0.00274794 -4.74554 297.63
1440 0.01435 1.70913 -0.0908534 0.00541335 -0.00527467 -0.0027816 -4.74578 300.346
1460 0.01455 1.74776 -0.00318736 0.0351381 -0.00502694 -0.00282271 -4.74617 304.124
1480 0.01475 1.80294 0.0814241 0.0264286 -0.00476986 -0.00291793 -4.74619 304.666
1500 0.01495 1.83443 0.120411 0.00856045 -0.00464048 -0.00305884 -4.74606 303.735
1520 0.01515 1.83468 0.10092 -0.0258097 -0.00470451 -0.00321337 -4.74562 300.208
1540 0.01535 1.84494 0.0876879 -0.0381829 -0.00494399 -0.00333031 -4.746 303.033
1560 0.01555 1.83951 0.0336933 -0.0540085 -0.00532978 -0.00338352 -4.74595 302.505
1580 0.01575 1.83735 -0.0248186 -0.0793173 -0.00577885 -0.00334354 -4.74586 301.639
1600 0.01595 1.86818 -0.0444307 -0.0607328 -0.00620149 -0.00317452 -4.7464 305.606
1620 0.01615 1.87718 -0.0957929 -0.00434527 -0.00655041 -0.00290333 -4.74603 302.432
1640 0.01635 1.90284 -0.122831 0.0785853 -0.00674798 -0.00262335 -4.74607 302.319
1660 0.01655 1.95659 -0.105284 0.122615 -0.00674715 -0.00246455 -4.74585 300.316
1680 0.01675 2.00193 -0.0361049 0.132264 -0.00657459 -0.00250727 -4.74565 298.549
1700 0.01695 2.02189 0.0405077 0.104395 -0.00633681 -0.00277205 -4.7459 300.37
1720 0.01715 2.01593 0.0737321 0.0362308 -0.00615477 -0.00321589 -4.74593 300.563
1740 0.01735 2.01259 0.0635344 -0.0407591 -0.00608801 -0.00373377 -4.74606 301.532
1760 0.01755 2.01038 0.0282969 -0.145289 -0.00612343 -0.00418939 -4.74562 298.026
1780 0.01775 2.03562 0.0447214 -0.159039 -0.00621702 -0.00442471 -4.74617 302.309
1800 0.01795 2.04405 0.0443251 -0.140338 -0.00638596 -0.00439812 -4.74581 299.386
1820 0.01815 2.07028 0.0290643 -0.103005 -0.00663383 -0.00413199 -4.74548 296.708
1840 0.01835 2.13072 0.0259319 -0.00227483 -0.00694188 -0.0036908 -4.74595 300.381
1860 0.01855 2.16845 -0.0139666 0.0841571 -0.00729779 -0.00322762 -4.74591 300.108
1880 0.01875 2.18576 -0.0725686 0.142232 -0.00763909 -0.0028895 -4.7456 297.637
1900 0.01895 2.21155 -0.112756 0.151623 -0.00786977 -0.00277766 -4.74523 294.792
1920 0.01915 2.23572 -0.0908203 0.110634 -0.00792524 -0.00291409 -4.74518 294.716
1940 0.01935 2.24608 -0.0473529 0.106137 -0.0078295 -0.00325349 -4.74585 300.546
1960 0.01955 2.25715 -0.00161551 0.0575135 -0.00764904 -0.00378081 -4.74612 303.39
1980 0.01975 2.25319 0.0441178 -0.0615269 -0.00745866 -0.00441581 -4.7456 300.159
2000 0.01995 2.22657 0.0643588 -0.175253 -0.00733288 -0.00497035 -4.74514 297.43
2020 0.02015 2.20807 0.0600686 -0.234293 -0.00730849 -0.00525184 -4.74486 296.411
2040 0.02035 2.23564 0.057719 -0.188036 -0.00738745 -0.00515796 -4.74548 302.73
2060 0.02055 2.27537 0.0256773 -0.104019 -0.0075628 -0.00474045 -4.74524 302.265
2080 0.02075 2.32927 0.0148681 0.0163359 -0.00779306 -0.00413194 -4.74489 300.973
2100 0.02095 2.39448 0.0285512 0.157569 -0.00806184 -0.00353034 -4.74506 303.646
2120 0.02115 2.45078 0.0119778 0.21045 -0.00838486 -0.00316223 -4.74475 302.486
2140 0.02135 2.46537 -0.0212709 0.186803 -0.00873834 -0.00313119 -4.74409 298.48
2160 0.02155 2.41405 -0.0487418 0.141191 -0.00907171 -0.00341981 -4.74433 301.438
2180 0.02175 2.34654 -0.127941 0.0240116 -0.00932546 -0.00395179 -4.74426 302.003
2200 0.02195 2.32669 -0.172703 -0.0976377 -0.00937631 -0.00454619 -4.74422 302.715
2220 0.02215 2.37009 -0.139761 -0.157896 -0.00914476 -0.00500509 -4.7443 304.238
2240 0.02235 2.42257 -0.0365159 -0.153755 -0.00867385 -0.00521946 -4.74413 303.453
2260 0.02255 2.49361 0.121495 -0.101015 -0.0081311 -0.00518428 -4.74423 304.582
2280 0.02275 2.59563 0.204344 -0.0155272 -0.00776239 -0.0049782 -4.74409 303.378
2300 0.02295 2.66639 0.219534 0.0687808 -0.00772111 -0.00473717 -4.744 302.17
2320 0.02315 2.6965 0.173287 0.0974798 -0.00804677 -0.00459641 -4.74404 301.449
2340 0.02335 2.67627 0.0416194 0.0646086 -0.00866985 -0.00460916 -4.74378 298.08
2360 0.02355 2.63745 -0.0942155 0.00880244 -0.00938755 -0.00473037 -4.74396 298.104
2380 0.02375 2.60908 -0.135532 -0.0240908 -0.00998428 -0.00487539 -4.74496 304.634
2400 0.02395 2.56916 -0.137248 -0.0581331 -0.0103759 -0.00498349 -4.7449 302.672
2420 0.02415 2.54002 -0.147963 -0.0821208 -0.0105443 -0.00499671 -4.74377 292.583
2440 0.02435 2.56855 -0.0979806 -0.0418998 -0.0104754 -0.00487903 -4.74384 292.631
2460 0.02455 2.63276 -0.00796162 0.0374013 -0.0102413 -0.00469069 -4.74439 297.052
2480 0.02475 2.70532 0.08519 0.090811 -0.00998614 -0.00455512 -4.74447 298.205
2500 0.02495 2.78298 0.113145 0.106171 -0.00985711 -0.00456504 -4.74427 297.29
2520 0.02515 2.81305 0.0705057 0.0881069 -0.00990643 -0.00475375 -4.7441 296.762
2540 0.02535 2.81705 0.0132851 0.0293851 -0.0100775 -0.00509504 -4.7442 298.557
2560 0.02555 2.81993 -0.0463005 -0.060916 -0.0102772 -0.00549504 -4.744 298.13
2580 0.02575 2.80726 -0.103917 -0.135077 -0.0104045 -0.00580637 -4.74334 294.232
2600 0.02595 2.79942 -0.094239 -0.102337 -0.0103692 -0.0059142 -4.74355 297.388
2620 0.02615 2.83182 -0.0221142 -0.0413451 -0.010181 -0.00585321 -4.74395 302.133
2640 0.02635 2.90863 0.0326601 -0.00739838 -0.00994283 -0.00571341 -4.74358 300.692
2660 0.02655 2.9856 0.12011 0.0502198 -0.00975818 -0.00556052 -4.7436 302.145
2680 0.02675 3.01101 0.185198 0.0639056 -0.00976853 -0.005481 -4.74306 299.026
2700 0.02695 2.96433 0.173883 0.0270744 -0.0100858 -0.00550079 -4.74227 293.966
2720 0.02715 2.95562 0.071197 0.000591118 -0.0106992 -0.00557052 -4.74296 300.534
2740 0.02735 2.94698 -0.0893935 -0.039679 -0.0114478 -0.00564136 -4.74328 304.19
2760 0.02755 2.90226 -0.218876 -0.0803271 -0.0120724 -0.00564595 -4.74242 298.432
2780 0.02775 2.90622 -0.225881 -0.0631631 -0.0123622 -0.00552173 -4.74243 299.363
2800 0.02795 2.97649 -0.14517 0.00674559 -0.0122887 -0.00529308 -4.74307 305.088
2820 0.02815 3.02047 -0.0401036 0.0788593 -0.0119671 -0.00506822 -4.74264 302.118
2840 0.02835 3.06196 0.0906523 0.137881 -0.0115713 -0.00496989 -4.74243 300.762
2860 0.02855 3.09711 0.163752 0.15426 -0.0113096 -0.00509946 -4.74226 299.819
2880 0.02875 3.1089 0.110433 0.0891805 -0.0112994 -0.00548525 -4.74158 294.95
2900 0.02895 3.11329 0.0401723 -0.000288252 -0.0114769 -0.00603197 -4.74217 300.231
2920 0.02915 3.0968 -0.0366598 -0.0817773 -0.0117269 -0.00659588 -4.74294 306.879
2940 0.02935 3.07059 -0.104038 -0.196258 -0.0119219 -0.00702834 -4.74248 303.555
2960 0.02955 3.09592 -0.0870105 -0.22752 -0.0119583 -0.00714941 -4.74209 300.516
2980 0.02975 3.15782 -0.0175991 -0.147997 -0.0118554 -0.0069017 -4.74207 300.298
3000 0.02995 3.19264 0.0580872 -0.0455985 -0.011719 -0.00639531 -4.74127 294.027
3020 0.03015 3.26204 0.154338 0.108453 -0.0116813 -0.00580608 -4.74169 297.696
3040 0.03035 3.32638 0.19373 0.238048 -0.0118972 -0.00538486 -4.74268 306.009
3060 0.03055 3.31022 0.106736 0.215519 -0.0124283 -0.00533794 -4.74214 301.938
3080 0.03075 3.25245 -0.0347172 0.0922231 -0.0131448 -0.00564497 -4.74134 295.608
3100 0.03095 3.21588 -0.157762 -0.0525537 -0.0138196 -0.0061126 -4.74147 296.741
3120 0.03115 3.16118 -0.241947 -0.148949 -0.0142446 -0.00650611 -4.74173 299.169
3140 0.03135 3.13999 -0.238757 -0.162958 -0.0142807 -0.0066647 -4.74176 299.637
3160 0.03155 3.18629 -0.120774 -0.102481 -0.01393 -0.00655831 -4.7417 299.223
3180 0.03175 3.27701 0.0498276 0.0414362 -0.0133775 -0.00628873 -4.74206 301.905
3200 0.03195 3.3795 0.149228 0.154347 -0.0128886 -0.00607992 -4.74166 298.376
3220 0.03215 3.46191 0.192643 0.18327 -0.0126379 -0.00611875 -4.74148 296.364
3240 0.03235 3.4654 0.149031 0.130994 -0.0126973 -0.00645952 -4.74124 293.854
3260 0.03255 3.42992 0.0254006 0.00175213 -0.0129972 -0.00701646 -4.74104 292.021
3280 0.03275 3.40071 -0.0814182 -0.129649 -0.0133483 -0.00758432 -4.74168 297.299
3300 0.03295 3.38486 -0.146447 -0.229122 -0.0135712 -0.00794287 -4.74182 298.935
3320 0.03315 3.38797 -0.104075 -0.226753 -0.0135658 -0.00793124 -4.74154 297.341
3340 0.03335 3.46629 0.0154448 -0.0968097 -0.0133957 -0.00755373 -4.74143 297.251
3360 0.03355 3.53864 0.114456 0.0476973 -0.0132454 -0.00700742 -4.74079 293.426
3380 0.03375 3.57172 0.184902 0.165307 -0.013284 -0.00653193 -4.74103 296.947
3400 0.03395 3.58987 0.172639 0.203861 -0.0136232 -0.00632147 -4.74156 303.14
3420 0.03415 3.54262 0.0392943 0.106769 -0.0142396 -0.00643471 -4.74045 296.521
3440 0.03435 3.49314 -0.107963 -0.00830164 -0.0149268 -0.00672891 -4.7399 294.551
3460 0.03455 3.48788 -0.200956 -0.0683423 -0.0154461 -0.00702006 -4.7406 302.646
3480 0.03475 3.51124 -0.245098 -0.0962591 -0.0156376 -0.00720118 -4.74033 302.976
3500 0.03495 3.56165 -0.185233 -0.0670373 -0.0154332 -0.0072287 -4.73999 302.134
3520 0.03515 3.611 -0.0594417 0.00528843 -0.0149241 -0.00714918 -4.73994 303.17
3540 0.03535 3.65009 0.070604 0.0668667 -0.0143101 -0.00707559 -4.73949 300.834
3560 0.03555 3.69037 0.211707 0.100453 -0.013814 -0.00711135 -4.73953 302.14
3580 0.03575 3.72675 0.243673 0.080726 -0.0136542 -0.00730974 -4.73908 299.56
3600 0.03595 3.73871 0.20194 0.033833 -0.0138948 -0.00764351 -4.73928 301.803
3620 0.03615 3.70284 0.120641 -0.0629792 -0.0144733 -0.00802908 -4.73952 304.248
3640 0.03635 3.64871 -0.0436266 -0.166919 -0.015244 -0.00830805 -4.7391 301.369
3660 0.03655 3.63577 -0.190575 -0.182861 -0.0159472 -0.00831977 -4.73948 304.535
3680 0.03675 3.64397 -0.259178 -0.145715 -0.0163428 -0.00802895 -4.73916 301.914
3700 0.03695 3.68325 -0.20685 -0.0350823 -0.0163209 -0.00750176 -4.73864 297.446
3720 0.03715 3.76997 -0.0163067 0.142494 -0.0159737 -0.00692444 -4.73922 301.452
3740 0.03735 3.83849 0.169173 0.27263 -0.0155981 -0.00658166 -4.7396 303.62
3760 0.03755 3.86137 0.232008 0.255686 -0.0154876 -0.0066789 -4.7391 298.265
3780 0.03775 3.81697 0.19357 0.129933 -0.0157529 -0.0071939 -4.73846 291.421
3800 0.03795 3.74299 0.0802312 -0.0240302 -0.0163336 -0.00792511 -4.73917 295.567
3820 0.03815 3.69939 -0.124335 -0.191197 -0.017031 -0.00860989 -4.74007 301.603
3840 0.03835 3.6552 -0.27651 -0.296565 -0.0175246 -0.00897715 -4.74003 300.58
3860 0.03855 3.68476 -0.282871 -0.264419 -0.0175743 -0.00886333 -4.73952 295.961
3880 0.03875 3.81827 -0.132487 -0.107431 -0.0171758 -0.00832341 -4.73935 294.441
3900 0.03895 3.97498 0.0602409 0.114346 -0.0165644 -0.00761694 -4.73916 293.476
3920 0.03915 4.06957 0.193762 0.278781 -0.0160509 -0.00710176 -4.73833 288.281
3940 0.03935 4.10912 0.246578 0.3162 -0.0158572 -0.00704441 -4.73857 291.803
3960 0.03955 4.09491 0.165388 0.216829 -0.0160582 -0.00750169 -4.73923 298.646
3980 0.03975 4.01822 -0.00827038 0.0124262 -0.0165183 -0.00830193 -4.73862 295.434
4000 0.03995 3.94023 -0.124769 -0.183691 -0.0169666 -0.00911202 -4.73805 292.885
4020 0.04015 3.9149 -0.152894 -0.2871 -0.0172118 -0.00961219 -4.73827 296.813
4040 0.04035 3.95397 -0.107509 -0.245168 -0.0172091 -0.00964514 -4.73897 304.309
4060 0.04055 4.00889 -0.0174023 -0.144978 -0.0170334 -0.0092741 -4.73826 300.393
4080 0.04075 4.07303 0.1174 -0.00864822 -0.0168403 -0.00867226 -4.73751 296.094
4100 0.04095 4.11768 0.208285 0.134916 -0.016839 -0.00806801 -4.73729 296.207
4120 0.04115 4.15011 0.200196 0.21718 -0.0171693 -0.00769251 -4.73757 300.3
4140 0.04135 4.1301 0.10936 0.204746 -0.0178146 -0.00767535 -4.73781 303.955
4160 0.04155 4.03193 -0.0448912 0.0913908 -0.0186191 -0.00798708 -4.73729 301.462
4180 0.04175 3.94349 -0.198328 -0.0571476 -0.0193307 -0.00843876 -4.73658 297.412
4200 0.04195 3.93406 -0.279701 -0.145367 -0.0197072 -0.00879295 -4.73664 299.586
4220 0.04215 3.98323 -0.28 -0.161264 -0.0196235 -0.00890493 -4.73677 302.108
4240 0.04235 4.06155 -0.185289 -0.0764734 -0.0190922 -0.00876021 -4.73667 302.707
4260 0.04255 4.16051 0.0283911 0.0529141 -0.0182862 -0.00849771 -4.73676 304.626
4280 0.04275 4.27441 0.210594 0.159937 -0.0175439 -0.00832781 -4.73659 304.318
4300 0.04295 4.36429 0.254696 0.188599 -0.01715 -0.0084191 -4.73599 300.369
4320 0.04315 4.38138 0.235005 0.1147 -0.0171824 -0.00880802 -4.73591 300.258
4340 0.04335 4.33967 0.102401 -0.0176317 -0.0175859 -0.00936889 -4.73567 298.868
4360 0.04355 4.29658 -0.0730119 -0.141494 -0.0181398 -0.00988435 -4.73565 299.176
4380 0.04375 4.27189 -0.149664 -0.192824 -0.0185704 -0.0101591 -4.7363 304.656
4400 0.04395 4.26992 -0.133431 -0.18693 -0.0187531 -0.0101125 -4.73616 303.371
4420 0.04415 4.2964 -0.0427159 -0.134791 -0.0187208 -0.00976133 -4.7356 298.15
4440 0.04435 4.37249 0.0876996 0.0129891 -0.0186255 -0.00921123 -4.73625 301.965
4460 0.04455 4.42661 0.163239 0.145869 -0.0186702 -0.00869639 -4.73644 302.016
4480 0.04475 4.4137 0.153775 0.189974 -0.0189711 -0.00842726 -4.736 297.047
4500 0.04495 4.38385 0.0751088 0.168662 -0.0195072 -0.00847418 -4.73588 295.113
4520 0.04515 4.36847 -0.0485917 0.095552 -0.0201456 -0.00879433 -4.73621 297.257
4540 0.04535 4.33871 -0.17634 -0.024121 -0.0206817 -0.00925576 -4.73578 294.01
4560 0.04555 4.29876 -0.202426 -0.112663 -0.0209264 -0.00966746 -4.73583 294.945
4580 0.04575 4.30799 -0.157284 -0.144339 -0.0208398 -0.00988605 -4.73596 296.889
4600 0.04595 4.35816 -0.0614428 -0.0965602 -0.0205041 -0.00986929 -4.73583 297.023
4620 0.04615 4.4438 0.0542796 0.00153025 -0.0200805 -0.00970007 -4.7358 298.155
4640 0.04635 4.51002 0.121673 0.0585279 -0.0197514 -0.00953198 -4.73499 293.604
4660 0.04655 4.53879 0.148207 0.067903 -0.0196269 -0.0094594 -4.73472 293.732
4680 0.04675 4.53601 0.132025 0.0652033 -0.019745 -0.00950082 -4.73524 300.399
4700 0.04695 4.5408 0.0455624 0.0516441 -0.0200677 -0.00964884 -4.73548 304.76
4720 0.04715 4.52906 -0.0571429 0.00170271 -0.0204546 -0.00987349 -4.7345 299.238
4740 0.04735 4.51667 -0.0868147 -0.0507136 -0.0207482 -0.0100949 -4.73409 298.004
4760 0.04755 4.51048 -0.0547327 -0.0766475 -0.0209002 -0.0102299 -4.73423 300.898
4780 0.04775 4.50181 -0.0299531 -0.0798811 -0.0209559 -0.0102364 -4.73377 298.843
4800 0.04795 4.52745 0.0133302 -0.0389458 -0.0209635 -0.0101156 -4.73387 301.049
4820 0.04815 4.5732 0.068411 0.0151666 -0.0209956 -0.00993435 -4.73424 305.193
4840 0.04835 4.58876 0.0806077 0.0387384 -0.0211336 -0.00977695 -4.73394 303.606
4860 0.04855 4.60215 0.0227362 0.058836 -0.0213917 -0.00968779 -4.73352 300.909
4880 0.04875 4.63335 -0.0656409 0.0538136 -0.0216784 -0.00969475 -4.73315 298.598
4900 0.04895 4.66143 -0.0936549 0.0393876 -0.0218604 -0.00979062 -4.73333 300.597
4920 0.04915 4.67952 -0.0774406 0.0328019 -0.0218904 -0.00995264 -4.73339 301.724
4940 0.04935 4.68764 -0.0573921 0.00770463 -0.0217921 -0.0101637 -4.73315 300.331
4960 0.04955 4.7068 -0.039021 -0.0031257 -0.0215987 -0.0103868 -4.73323 301.466
4980 0.04975 4.70875 -0.00554594 -0.00216945 -0.0213463 -0.0106035 -4.73323 301.886
5000 0.04995 4.74359 0.0376432 -0.010904 -0.0210887 -0.0108113 -4.73304 300.762
5020 0.05015 4.77665 0.101058 -0.0129764 -0.0209004 -0.011 -4.73306 301.155
5040 0.05035 4.79181 0.143656 -0.0363954 -0.0208794 -0.0111602 -4.7329 300.123
5060 0.05055 4.79473 0.152063 -0.0449199 -0.0210937 -0.0112607 -4.73296 300.603
5080 0.05075 4.78282 0.0926404 -0.0741681 -0.0215489 -0.0112809 -4.73227 295.316
5100 0.05095 4.77678 0.0183213 -0.101248 -0.0221507 -0.0111758 -4.73193 292.924
5120 0.05115 4.76709 -0.0112773 -0.0780014 -0.022784 -0.0109098 -4.73304 302.212
5140 0.05135 4.7596 -0.0639232 -0.051743 -0.0233859 -0.0105146 -4.73307 302.919
5160 0.05155 4.77556 -0.0891053 0.0223552 -0.0238786 -0.0100455 -4.73255 298.908
5180 0.05175 4.79785 -0.0944924 0.106881 -0.0242194 -0.00962086 -4.73215 295.356
5200 0.05195 4.81972 -0.104275 0.179654 -0.0243974 -0.00938076 -4.73227 295.604
5220 0.05215 4.82236 -0.0929692 0.186533 -0.0244034 -0.00943646 -4.73236 295.606
5240 0.05235 4.80614 -0.0459174 0.123547 -0.0242601 -0.00979514 -4.7321 293.057
5260 0.05255 4.82346 0.017354 0.0515697 -0.0240447 -0.0103567 -4.73264 297.183
5280 0.05275 4.83034 0.0586819 -0.032168 -0.0238576 -0.0109957 -4.73282 298.698
5300 0.05295 4.79401 0.054366 -0.12284 -0.0237629 -0.0115702 -4.73173 290.627
5320 0.05315 4.78176 0.0618436 -0.170185 -0.0237637 -0.011937 -4.73149 289.754
5340 0.05335 4.83988 0.05027 -0.163333 -0.023863 -0.0120211 -4.73193 294.941
5360 0.05355 4.89131 0.0148898 -0.127913 -0.0240399 -0.0118334 -4.73177 295.986
5380 0.05375 4.90988 -0.0104735 -0.0590825 -0.024242 -0.0114377 -4.73137 295.456
5400 0.05395 4.95964 -0.0419853 0.0289643 -0.0244222 -0.0109496 -4.73126 297.531
5420 0.05415 5.01802 -0.0408734 0.103687 -0.0245361 -0.0105138 -4.73138 301.276
5440 0.05435 5.06102 -0.0288952 0.14971 -0.0245815 -0.0102529 -4.73083 299.506
5460 0.05455 5.09039 -0.0140712 0.166054 -0.0245791 -0.0102437 -4.73043 298.517
5480 0.05475 5.10629 -0.00599427 0.130552 -0.0245523 -0.0105064 -4.73044 300.582
5500 0.05495 5.11221 -0.0360045 0.0635379 -0.0245092 -0.0109832 -4.73046 302.371
5520 0.05515 5.08746 -0.0547585 -0.0365449 -0.0244077 -0.0115568 -4.72995 299.965
5540 0.05535 5.05862 0.0062491 -0.097427 -0.0242289 -0.0120701 -4.73022 303.376
5560 0.05555 5.05604 0.0649939 -0.143621 -0.0240603 -0.0124151 -4.72962 299.967
5580 0.05575 5.09666 0.113811 -0.143797 -0.0240013 -0.0125224 -4.72952 300.239
5600 0.05595 5.16784 0.100899 -0.0985765 -0.0241226 -0.012393 -4.73006 305.482
5620 0.05615 5.17637 0.0284313 -0.0437834 -0.0244024 -0.0120995 -4.72931 300.339
5640 0.05635 5.18597 -0.026046 0.0169346 -0.024729 -0.0117349 -4.72867 295.969
5660 0.05655 5.20756 -0.0150858 0.0650978 -0.0250215 -0.0113995 -4.72926 301.448
5680 0.05675 5.2618 -0.0501011 0.0903338 -0.0252775 -0.0111731 -4.72957 304.64
5700 0.05695 5.31256 -0.0579322 0.0896409 -0.0254529 -0.0110968 -4.7292 302.155
5720 0.05715 5.3384 -0.0117681 0.0846073 -0.0255385 -0.0111717 -4.72896 300.205
5740 0.05735 5.319 0.0261599 0.0830602 -0.0256026 -0.0113903 -4.72906 300.462
5760 0.05755 5.26968 0.0371865 0.0447377 -0.0257058 -0.0117424 -4.72872 296.889
5780 0.05775 5.22502 0.056177 -0.0342935 -0.0258734 -0.0121629 -4.72871 295.722
5800 0.05795 5.16972 0.0232039 -0.137528 -0.0261247 -0.0125189 -4.72869 294.677
5820 0.05815 5.12958 -0.00917076 -0.165128 -0.0264126 -0.012653 -4.72882 295.183
5840 0.05835 5.143 0.0356184 -0.115495 -0.0266975 -0.0125194 -4.72944 299.753
5860 0.05855 5.16844 0.0368783 -0.0585788 -0.0270324 -0.0121908 -4.72906 296.63
5880 0.05875 5.18789 -0.0231671 0.0341285 -0.0274182 -0.0117705 -4.72864 293.569
5900 0.05895 5.23227 -0.0793377 0.116542 -0.0277648 -0.0114075 -4.72859 293.891
5920 0.05915 5.28978 -0.106913 0.141815 -0.0279818 -0.0112342 -4.72856 294.874
5940 0.05935 5.31703 -0.0941262 0.131079 -0.0280267 -0.0112963 -4.72839 295.159
5960 0.05955 5.31365 -0.0627342 0.100235 -0.0279171 -0.0115768 -4.72811 295.074
5980 0.05975 5.29321 -0.0272542 0.0473414 -0.0277041 -0.012023 -4.72782 295.629
6000 0.05995 5.28457 0.00865906 -0.0207137 -0.027446 -0.0125455 -4.72787 299.323
6020 0.06015 5.30295 0.0455723 -0.0960922 -0.0272026 -0.0130298 -4.72791 303.005
6040 0.06035 5.2864 0.089672 -0.149203 -0.0270382 -0.0133534 -4.72717 299.995
6060 0.06055 5.31216 0.0766662 -0.164988 -0.0270131 -0.013429 -4.72642 296.306
6080 0.06075 5.35011 0.0546181 -0.126517 -0.0271161 -0.0132335 -4.72604 295.222
6100 0.06095 5.40339 0.0468988 -0.0293277 -0.0273115 -0.0128338 -4.72675 302.501
6120 0.06115 5.4625 0.0285415 0.0492042 -0.0275827 -0.0123808 -4.72675 303.886
6140 0.06135 5.49331 -0.00267634 0.119602 -0.0278985 -0.0120119 -4.72636 301.908
6160 0.06155 5.49583 -0.0374306 0.134618 -0.0282089 -0.0118372 -4.72583 298.722
6180 0.06175 5.52258 -0.086585 0.102001 -0.0284525 -0.0118841 -4.72558 297.784
6200 0.06195 5.5543 -0.061709 0.0630608 -0.0285642 -0.0121031 -4.72618 303.466
6220 0.06215 5.53754 0.00444518 0.0100889 -0.0285786 -0.0124265 -4.72617 304.245
6240 0.06235 5.48978 0.031606 -0.058204 -0.028594 -0.0127639 -4.72532 298.237
6260 0.06255 5.471 0.0288822 -0.0781222 -0.0286572 -0.0130097 -4.72514 297.505
6280 0.06275 5.48148 0.0430977 -0.0522053 -0.0287724 -0.0131307 -4.72595 304.514
6300 0.06295 5.4843 0.0203175 -0.0500294 -0.0289531 -0.0131587 -4.72566 302.643
6320 0.06315 5.47833 0.00426909 -0.0423635 -0.029169 -0.0131031 -4.72503 297.882
6340 0.06335 5.49104 0.00277031 -0.0168596 -0.0293953 -0.0129786 -4.7249 296.964
6360 0.06355 5.53214 -0.0320781 0.00471006 -0.0296205 -0.0128238 -4.72482 296.571
6380 0.06375 5.59103 -0.0390133 0.0337845 -0.0297976 -0.0126779 -4.72554 302.462
6400 0.06395 5.61151 -0.0344714 0.0554038 -0.0299121 -0.0125877 -4.72574 304.006
6420 0.06415 5.59789 -0.0544305 0.0490001 -0.0299644 -0.0125864 -4.72461 294.778
6440 0.06435 5.60215 -0.0183591 0.0626537 -0.0299349 -0.0126712 -4.72463 294.522
6460 0.06455 5.60778 0.0298475 0.0920152 -0.029877 -0.0128668 -4.72537 299.98
6480 0.06475 5.60463 -0.00012477 0.0341243 -0.0298548 -0.0132047 -4.72452 293.109
6500 0.06495 5.63065 0.00733174 -0.039215 -0.0298392 -0.0136016 -4.72476 294.938
6520 0.06515 5.64885 0.0222906 -0.109173 -0.0298356 -0.0139344 -4.72475 295.183
6540 0.06535 5.66006 0.0369529 -0.136062 -0.0298694 -0.0140901 -4.72435 292.739
6560 0.06555 5.69188 0.0506634 -0.0893144 -0.0299658 -0.0140275 -4.72435 293.955
6580 0.06575 5.72992 0.027674 -0.0267101 -0.0301421 -0.0138144 -4.72436 295.786
6600 0.06595 5.74698 -0.00338084 0.0186994 -0.0303638 -0.013551 -4.72401 295.561
6620 0.06615 5.73159 0.0136725 0.0510437 -0.0305901 -0.0133157 -4.72407 299.279
6640 0.06635 5.73308 0.00704661 0.0627558 -0.0308363 -0.0131613 -4.72356 298.844
6660 0.06655 5.74622 -0.0133615 0.0667332 -0.0310943 -0.0131118 -4.72315 299.032
6680 0.06675 5.74313 -0.0217695 0.0462352 -0.0313347 -0.0131711 -4.72278 299.164
6700 0.06695 5.7338 -0.0266049 0.0212185 -0.0315408 -0.0133095 -4.72272 301.051
6720 0.06715 5.71491 -0.0278737 -0.0137182 -0.0317054 -0.0134837 -4.72258 301.918
6740 0.06735 5.72264 -0.0452852 -0.0591196 -0.031821 -0.0136345 -4.72189 298.194
6760 0.06755 5.70603 0.0163192 -0.059975 -0.0318748 -0.0136928 -4.72182 299.237
6780 0.06775 5.69967 0.0775172 -0.0161814 -0.0319563 -0.0136574 -4.72232 304.598
6800 0.06795 5.7248 0.033594 -0.0194762 -0.0321513 -0.0135851 -4.72177 301.499
6820 0.06815 5.75711 -0.0115412 -0.0208751 -0.0324063 -0.0134796 -4.72133 299.132
6840 0.06835 5.77738 -0.022663 0.0145859 -0.032651 -0.0133423 -4.72154 301.829
6860 0.06855 5.79982 -0.0562829 0.0652986 -0.0328567 -0.0132304 -4.72163 303.467
6880 0.06875 5.81334 -0.0816933 0.0874031 -0.0329717 -0.0132234 -4.72116 300.529
6900 0.06895 5.80982 -0.0526929 0.0865334 -0.0329609 -0.0133625 -4.72115 300.997
6920 0.06915 5.81124 -0.0253627 0.052203 -0.0328608 -0.013646 -4.72131 302.649
6940 0.06935 5.83133 -0.0015181 -0.00701646 -0.0327151 -0.0140193 -4.72103 300.534
6960 0.06955 5.85013 0.0500472 -0.0656245 -0.0325691 -0.0143865 -4.72107 300.688
6980 0.06975 5.83922 0.104599 -0.110155 -0.0325048 -0.0146493 -4.72111 300.54
7000 0.06995 5.82354 0.119686 -0.112968 -0.0326084 -0.0147346 -4.72079 297.314
7020 0.07015 5.85068 0.111988 -0.0778231 -0.0329105 -0.0146341 -4.72098 297.856
7040 0.07035 5.85014 0.0746098 -0.0361294 -0.0334008 -0.0143996 -4.72084 295.998
7060 0.07055 5.82531 0.00282063 0.00498015 -0.0340187 -0.0140999 -4.72056 293.406
7080 0.07075 5.8456 -0.0626616 0.0349833 -0.0346507 -0.0138026 -4.72106 297.38
7100 0.07095 5.83103 -0.129374 0.0381056 -0.0351856 -0.0135564 -4.721 297.278
7120 0.07115 5.79959 -0.16032 0.0401461 -0.0355169 -0.0133718 -4.72033 292.709
7140 0.07135 5.80448 -0.132088 0.0865907 -0.0355938 -0.0132603 -4.72019 292.774
7160 0.07155 5.85575 -0.086205 0.138752 -0.0354534 -0.0132962 -4.72055 297.177
7180 0.07175 5.91586 -0.0296861 0.111922 -0.0351688 -0.0135556 -4.72007 295.594
7200 0.07195 5.94157 0.0509855 0.0561672 -0.0348348 -0.0140059 -4.71971 295.59
7220 0.07215 5.95521 0.103585 -0.0224297 -0.0345774 -0.0145534 -4.7202 302.946
7240 0.07235 5.94816 0.085482 -0.10962 -0.034479 -0.0150679 -4.72007 305.606
7260 0.07255 5.92209 0.0333558 -0.193496 -0.0345173 -0.0154014 -4.71864 297.586
7280 0.07275 5.91775 0.00776468 -0.219281 -0.0346158 -0.0154179 -4.718 295.272
7300 0.07295 5.93287 0.0316828 -0.130905 -0.0347356 -0.0150795 -4.71877 303.453
7320 0.07315 5.96346 0.048701 -0.00783216 -0.0349078 -0.0145183 -4.71832 301.505
7340 0.07335 6.01148 0.0671265 0.105153 -0.0351628 -0.0139356 -4.71757 296.986
7360 0.07355 6.05777 0.0944633 0.20058 -0.0355345 -0.0135243 -4.71822 303.392
7380 0.07375 6.08378 0.0255493 0.196894 -0.0360505 -0.0134351 -4.71812 303.681
7400 0.07395 6.00303 -0.0542083 0.115824 -0.0366127 -0.0136692 -4.71734 298.452
7420 0.07415 5.92004 -0.108661 0.0219051 -0.0370927 -0.0141003 -4.71744 300.128
7440 0.07435 5.90263 -0.148667 -0.0704312 -0.0373969 -0.0145712 -4.71796 305.031
7460 0.07455 5.89256 -0.139676 -0.134788 -0.0374635 -0.0149289 -4.71762 302.907
7480 0.07475 5.90397 -0.090745 -0.136658 -0.0373043 -0.0150696 -4.71708 298.998
7500 0.07495 5.96459 0.00478548 -0.0782768 -0.037 -0.0149878 -4.71726 300.59
7520 0.07515 6.02558 0.106313 0.00441039 -0.0367033 -0.0147764 -4.71733 301.217
7540 0.07535 6.06721 0.136628 0.0727491 -0.0365702 -0.0145686 -4.71671 296.468
7560 0.07555 6.0845 0.102959 0.10668 -0.0366528 -0.0144776 -4.7164 294.317
7580 0.07575 6.05616 0.0927519 0.102607 -0.0369118 -0.0145617 -4.71696 299.18
7600 0.07595 5.99275 0.0719885 0.067241 -0.0373255 -0.0148169 -4.71765 304.963
7620 0.07615 5.90567 -0.0271274 -0.0237121 -0.0378485 -0.0151788 -4.71673 297.917
7640 0.07635 5.82301 -0.0664527 -0.0838579 -0.0383391 -0.0155083 -4.71639 295.443
7660 0.07655 5.78637 -0.0278705 -0.121086 -0.0387338 -0.0157007 -4.71664 297.629
7680 0.07675 5.77687 0.0106973 -0.135263 -0.039082 -0.0156913 -4.71628 295.196
7700 0.07695 5.75692 0.0923673 -0.0769653 -0.0394578 -0.0154655 -4.7165 297.314
7720 0.07715 5.70038 0.113731 -0.0453163 -0.0399786 -0.0151019 -4.71584 292.803
7740 0.07735 5.66612 0.0502235 0.00683721 -0.0406768 -0.0146641 -4.71589 294.344
7760 0.07755 5.68059 -0.0526245 0.051631 -0.041453 -0.0142353 -4.71683 303.348
7780 0.07775 5.64738 -0.140805 0.0609895 -0.0421438 -0.0138874 -4.71609 299.491
7800 0.07795 5.59924 -0.139022 0.0996168 -0.0426159 -0.0136484 -4.71545 296.654
7820 0.07815 5.59033 -0.0910283 0.128106 -0.0428658 -0.0135765 -4.71527 297.756
7840 0.07835 5.5957 -0.0699033 0.109395 -0.0429612 -0.0137134 -4.71458 295.366
7860 0.07855 5.55149 -0.028336 0.077074 -0.0429466 -0.0140338 -4.71445 297.523
7880 0.07875 5.50489 0.00978166 0.0219891 -0.0428847 -0.01448 -4.71482 303.555
7900 0.07895 5.47116 0.0212717 -0.0519793 -0.0428348 -0.0149603 -4.71473 305.338
7920 0.07915 5.44756 0.0211759 -0.137577 -0.0428183 -0.0153495 -4.71396 301.184
7940 0.07935 5.46759 0.033082 -0.170197 -0.042838 -0.0155146 -4.7139 302.274
7960 0.07955 5.47993 0.0837872 -0.126171 -0.0429183 -0.0154042 -4.71411 305.153
7980 0.07975 5.48158 0.128319 -0.0555684 -0.0431343 -0.0150838 -4.71355 301.63
8000 0.07995 5.46648 0.147756 0.0346543 -0.0435572 -0.0146726 -4.71359 302.551
8020 0.08015 5.42643 0.105045 0.10893 -0.0442131 -0.0143178 -4.71377 304.39
8040 0.08035 5.37808 -0.00262785 0.112349 -0.045028 -0.0141359 -4.71336 301.329
8060 0.08055 5.31063 -0.0794011 0.0717289 -0.0458404 -0.0141385 -4.71371 303.973
8080 0.08075 5.22954 -0.146159 -0.0147706 -0.0465183 -0.0142534 -4.71349 301.96
8100 0.08095 5.14781 -0.156909 -0.0402045 -0.046962 -0.014353 -4.71333 300.099
8120 0.08115 5.13892 -0.0936407 -0.0215176 -0.0471574 -0.01439 -4.71361 301.487
8140 0.08135 5.12201 0.0271767 0.0156691 -0.0472088 -0.0143932 -4.71386 302.651
8160 0.08155 5.07742 0.129674 0.0610089 -0.0473017 -0.0144242 -4.71409 303.485
8180 0.08175 4.97758 0.158185 0.064069 -0.0475941 -0.0145512 -4.71374 299.876
8200 0.08195 4.85863 0.135125 0.0101146 -0.0481338 -0.0147766 -4.71343 297.024
8220 0.08215 4.7437 0.1094 -0.0633301 -0.0488898 -0.015015 -4.71403 301.654
8240 0.08235 4.59497 0.0488351 -0.11956 -0.0498097 -0.0151481 -4.71398 301.391
8260 0.08255 4.45095 0.0130261 -0.139611 -0.0508021 -0.0150849 -4.71408 302.38
8280 0.08275 4.33773 -0.0152854 -0.101534 -0.0518015 -0.0147984 -4.71406 302.382
8300 0.08295 4.25052 -0.0450932 -0.0213167 -0.0527579 -0.0143543 -4.71406 302.496
8320 0.08315 4.19425 -0.0649228 0.0650929 -0.0536229 -0.0138841 -4.71429 304.273
8340 0.08335 4.09797 -0.07556 0.136091 -0.0543647 -0.013532 -4.71443 305.19
8360 0.08355 3.97431 -0.0662343 0.128668 -0.0549698 -0.0134012 -4.71441 304.508
8380 0.08375 3.88425 -0.0531213 0.116008 -0.0554545 -0.0134869 -4.71513 309.238
8400 0.08395 3.78055 -0.0475029 0.107889 -0.0558412 -0.0137633 -4.71565 311.907
8420 0.08415 3.64691 -0.0261535 0.0534497 -0.0561454 -0.0142038 -4.71552 309.05
8440 0.08435 3.51161 0.0387983 -0.0208172 -0.0564066 -0.0147185 -4.71555 307.54
8460 0.08455 3.37794 0.0902782 -0.0858406 -0.0567209 -0.015187 -4.71586 308.442
8480 0.08475 3.25302 0.0683288 -0.123807 -0.0571595 -0.0155055 -4.71589 307.306
8500 0.08495 3.15403 0.0370925 -0.111716 -0.0576937 -0.0156193 -4.71649 310.537
8520 0.08515 3.0597 -0.00533993 -0.057982 -0.0582722 -0.015552 -4.7172 314.294
8540 0.08535 2.97887 -0.0668534 0.0116339 -0.0588242 -0.0153936 -4.71743 313.81
8560 0.08555 2.90525 -0.0808053 0.061598 -0.0592641 -0.0152544 -4.71713 309.069
8580 0.08575 2.8383 -0.0506252 0.115011 -0.0595727 -0.0152222 -4.71715 307.009
8600 0.08595 2.77717 -0.0218618 0.106328 -0.0597949 -0.0153704 -4.71714 304.898
8620 0.08615 2.71721 -0.058105 0.0653596 -0.0599678 -0.0156856 -4.7172 303.577
8640 0.08635 2.67574 -0.092198 0.0580775 -0.0600461 -0.0161082 -4.71812 308.992
8660 0.08655 2.6013 -0.0719542 0.0241286 -0.0599855 -0.0166132 -4.71838 309.035
8680 0.08675 2.52404 -0.0254672 -0.0227492 -0.0598151 -0.017146 -4.71801 303.934
8700 0.08695 2.49072 0.0185139 -0.0495907 -0.0596076 -0.017634 -4.71845 305.341
8720 0.08715 2.44919 0.0247649 -0.0522052 -0.0594274 -0.0180346 -4.71851 303.879
8740 0.08735 2.42817 0.0317854 -0.0358367 -0.0592898 -0.0183451 -4.7188 304.373
8760 0.08755 2.39643 0.046599 -0.0276373 -0.0592055 -0.0185899 -4.71863 301.308
8780 0.08775 2.34532 0.0657026 -0.0170794 -0.0591969 -0.0187857 -4.71822 296.606
8800 0.08795 2.28724 0.0678324 0.00322105 -0.0592901 -0.0189523 -4.71845 297.393
8820 0.08815 2.23905 0.0290283 0.019372 -0.0594833 -0.0191209 -4.71857 297.562
8840 0.08835 2.22575 -0.0337009 0.0339858 -0.0597177 -0.0193202 -4.71901 300.463
8860 0.08855 2.20729 -0.104416 0.00102547 -0.0598936 -0.0195654 -4.7186 296.797
8880 0.08875 2.1754 -0.107642 -0.0386306 -0.0599135 -0.019809 -4.71813 292.928
8900 0.08895 2.18603 -0.0839901 -0.0419196 -0.0597658 -0.0199923 -4.71805 292.596
8920 0.08915 2.21631 -0.0370423 -0.0323417 -0.0594885 -0.0201058 -4.71798 292.974
8940 0.08935 2.26554 0.0718489 0.0134529 -0.0591643 -0.0201713 -4.71847 298.143
8960 0.08955 2.30394 0.154575 0.0334762 -0.0589519 -0.0202543 -4.71825 298.189
8980 0.08975 2.2956 0.144482 0.00688587 -0.0589733 -0.0203852 -4.71752 294.371
9000 0.08995 2.25663 0.0531188 -0.0198964 -0.0592121 -0.0205268 -4.71671 290.32
9020 0.09015 2.23022 -0.0183699 -0.0273361 -0.0595376 -0.0206379 -4.71701 295.369
9040 0.09035 2.20181 -0.047546 -0.0415965 -0.0598381 -0.0207022 -4.71745 301.404
9060 0.09055 2.18149 -0.0617939 -0.0635361 -0.0600637 -0.0206959 -4.71713 301.076
9080 0.09075 2.22433 -0.041351 -0.0454174 -0.0601958 -0.0205908 -4.71715 302.825
9100 0.09095 2.2756 0.00335783 -0.0186284 -0.060265 -0.020412 -4.71721 304.515
9120 0.09115 2.31608 0.0667008 -0.0173462 -0.0603421 -0.0201978 -4.71685 302.564
9140 0.09135 2.38232 0.106157 0.00403943 -0.060522 -0.019959 -4.71694 303.86
9160 0.09155 2.44501 0.063811 0.00918419 -0.0608584 -0.0197236 -4.71668 302.103
9180 0.09175 2.4672 0.00127282 0.0177125 -0.0612936 -0.0195037 -4.71627 299.041
9200 0.09195 2.46793 -0.0481746 0.0539287 -0.0617322 -0.0193179 -4.71623 298.935
9220 0.09215 2.50058 -0.0683335 0.0697397 -0.0620977 -0.0192176 -4.71669 302.755
9240 0.09235 2.5421 -0.0365683 0.0585811 -0.0623621 -0.0192298 -4.71721 306.77
9260 0.09255 2.57707 -0.014495 0.00444412 -0.0625669 -0.0193323 -4.71705 304.901
9280 0.09275 2.59391 -0.0165294 -0.0531383 -0.0627456 -0.0194418 -4.71684 302.081
9300 0.09295 2.62242 -0.000222603 -0.0831983 -0.0629005 -0.0194676 -4.71733 304.383
9320 0.09315 2.64141 0.0379137 -0.0850113 -0.0630585 -0.0193584 -4.71743 303.394
9340 0.09335 2.6341 0.0576256 -0.0480429 -0.0632734 -0.0191142 -4.71689 297.5
9360 0.09355 2.68201 0.0701115 -0.008187 -0.0635798 -0.0187884 -4.71683 295.997
9380 0.09375 2.75218 0.0733179 0.0704752 -0.0639961 -0.018455 -4.71731 299.247
9400 0.09395 2.7411 0.0725674 0.103496 -0.0645292 -0.0182306 -4.71758 301.168
9420 0.09415 2.68018 0.049023 0.0790298 -0.0651731 -0.018169 -4.71733 299.144
9440 0.09435 2.60808 0.0363193 0.0420664 -0.0658964 -0.018238 -4.71764 301.509
9460 0.09455 2.50511 -0.00357026 -0.0462478 -0.0666707 -0.0183676 -4.71705 296.984
9480 0.09475 2.4196 -0.051452 -0.0916858 -0.067435 -0.018427 -4.71715 297.995
9500 0.09495 2.35084 -0.0875098 -0.069533 -0.0681152 -0.0183452 -4.71785 303.792
9520 0.09515 2.28809 -0.071434 -0.0620969 -0.0686608 -0.0181455 -4.71727 299.443
9540 0.09535 2.27093 -0.00935626 -0.0276023 -0.0690972 -0.0178489 -4.71671 295.25
9560 0.09555 2.29626 0.0051898 0.0498524 -0.0695074 -0.0175156 -4.7169 297.162
9580 0.09575 2.28606 0.0111385 0.0942637 -0.0699218 -0.0172621 -4.7172 300.214
9600 0.09595 2.21784 0.0142596 0.0716444 -0.0703499 -0.0171562 -4.7167 297.12
9620 0.09615 2.14698 -0.00508705 0.0294019 -0.0707929 -0.0171659 -4.71588 291.922
9640 0.09635 2.08634 0.0146662 0.0280978 -0.07123 -0.0172314 -4.71677 300.891
9660 0.09655 2.01188 0.041248 0.00151048 -0.071688 -0.0173379 -4.71723 306.91
9680 0.09675 1.94409 -0.0122415 -0.0559726 -0.0721938 -0.0174415 -4.71598 299.697
9700 0.09695 1.91676 -0.0680734 -0.0763402 -0.0726767 -0.0174571 -4.71542 297.814
9720 0.09715 1.89618 -0.0863275 -0.0333827 -0.0730543 -0.0173566 -4.7159 304.085
9740 0.09735 1.86381 -0.0667363 0.0161131 -0.0732998 -0.0172019 -4.71605 307.111
9760 0.09755 1.8343 -0.0347979 0.0691413 -0.0734413 -0.0170763 -4.716 307.801
9780 0.09775 1.77816 -0.00524075 0.0806863 -0.0735273 -0.0170585 -4.71534 303.063
9800 0.09795 1.77534 0.0177514 0.0867862 -0.0736037 -0.0171745 -4.71565 305.53
9820 0.09815 1.77928 0.0278349 0.0395748 -0.0737052 -0.0174243 -4.7156 304.888
9840 0.09835 1.75664 0.0495898 -0.0370503 -0.073851 -0.0177335 -4.71557 304.139
9860 0.09855 1.71927 0.0836186 -0.0710883 -0.0740757 -0.0179872 -4.71616 308.021
9880 0.09875 1.6667 0.0647402 -0.110942 -0.0744208 -0.0181207 -4.71563 302.89
9900 0.09895 1.62916 0.0263529 -0.127159 -0.0748628 -0.0180742 -4.71551 300.995
9920 0.09915 1.62704 -0.0127295 -0.0793775 -0.0753433 -0.017828 -4.71577 302.192
9940 0.09935 1.66696 -0.0343973 0.00116945 -0.075804 -0.0174566 -4.7165 307.074
9960 0.09955 1.69509 -0.0624317 0.0679037 -0.0762075 -0.017087 -4.71664 307.165
9980 0.09975 1.6878 -0.0882609 0.106362 -0.076511 -0.0168266 -4.71599 300.989
10000 0.09995 1.64936 -0.0494295 0.126937 -0.0766864 -0.0167414 -4.71583 298.822
10020 0.10015 1.61037 -0.00812777 0.112541 -0.0767837 -0.0168598 -4.7157 297.215
10040 0.10035 1.56206 0.0262589 0.08728 -0.0768674 -0.017163 -4.71589 298.41
10060 0.10055 1.52548 0.0311996 -0.000221111 -0.0769875 -0.0175983 -4.71606 299.594
10080 0.10075 1.48507 0.00813026 -0.0871549 -0.0771508 -0.0180314 -4.71619 300.588
10100 0.10095 1.46289 0.0202868 -0.133323 -0.0773313 -0.0183251 -4.71643 302.413
10120 0.10115 1.46686 0.0643635 -0.132559 -0.0775467 -0.0184048 -4.71653 303.003
10140 0.10135 1.46293 0.0786278 -0.0994834 -0.0778566 -0.0182708 -4.71651 302.319
10160 0.10155 1.44899 0.0355684 -0.058925 -0.078278 -0.0179734 -4.71604 298.003
10180 0.10175 1.47152 0.000749703 0.040328 -0.0787542 -0.0175898 -4.71669 302.444
10200 0.10195 1.45715 -0.0150629 0.111711 -0.0792316 -0.0172696 -4.71694 303.529
10220 0.10215 1.38694 -0.015621 0.110522 -0.0796847 -0.0171238 -4.71633 297.67
10240 0.10235 1.33082 0.00537639 0.0988995 -0.0801141 -0.0171598 -4.71675 299.788
10260 0.10255 1.24363 0.0169943 0.0699017 -0.0805476 -0.0173558 -4.71703 300.758
10280 0.10275 1.15715 0.0281429 -0.00721937 -0.0810041 -0.0176583 -4.71732 301.682
10300 0.10295 1.0527 0.0510587 -0.117088 -0.0815026 -0.0179412 -4.71713 298.767
10320 0.10315 0.982191 0.0533092 -0.144873 -0.0820719 -0.0180426 -4.71777 302.33
10340 0.10335 0.947307 0.0296247 -0.106608 -0.0827148 -0.0179156 -4.71824 304.556
10360 0.10355 0.889526 -0.0165336 -0.0621626 -0.0833925 -0.0176148 -4.71713 294.711
10380 0.10375 0.838081 -0.0273345 0.038156 -0.0840423 -0.0172252 -4.71809 301.523
10400 0.10395 0.758997 -0.0281337 0.105725 -0.0846428 -0.0168979 -4.71938 311.111
10420 0.10415 0.657328 -0.046295 0.100999 -0.0851885 -0.0167365 -4.71851 303.524
10440 0.10435 0.591944 -0.0376013 0.0869548 -0.0856594 -0.0167423 -4.71811 299.736
10460 0.10455 0.558982 -0.00971192 0.0543053 -0.086068 -0.016886 -4.71897 305.829
10480 0.10475 0.504376 0.0240161 0.0249865 -0.0864561 -0.0171173 -4.71988 311.99
10500 0.10495 0.419161 0.0427125 -0.0429453 -0.0868722 -0.0173788 -4.71982 309.924
10520 0.10515 0.329885 0.0364512 -0.0834259 -0.0873421 -0.0175698 -4.71982 307.811
10540 0.10535 0.283728 0.0293108 -0.0636746 -0.0878591 -0.0176317 -4.72097 314.295
10560 0.10555 0.217018 0.0120683 -0.0684271 -0.0884095 -0.0175838 -4.72107 312.351
10580 0.10575 0.161702 -0.0190693 -0.0384524 -0.0889656 -0.0174315 -4.72133 311.565
10600 0.10595 0.14782 -0.0388323 0.0116946 -0.0894841 -0.0172228 -4.72204 314.412
10620 0.10615 0.137196 -0.0643794 0.0348034 -0.0899328 -0.0170327 -4.72176 309.504
10640 0.10635 0.129145 -0.089111 0.0454301 -0.0902754 -0.016901 -4.72111 301.976
10660 0.10655 0.130461 -0.0716784 0.0754053 -0.0904832 -0.0168484 -4.72128 301.222
10680 0.10675 0.110232 -0.0519934 0.106515 -0.09058 -0.0169199 -4.72196 304.685
10700 0.10695 0.0948545 -0.0635827 0.0718027 -0.0905916 -0.0171526 -4.72189 302.298
10720 0.10715 0.101148 -0.0434674 0.00575288 -0.0905127 -0.0174932 -4.72185 300.156
10740 0.10735 0.127397 0.00322585 -0.0569165 -0.0903726 -0.0178369 -4.72197 299.475
10760 0.10755 0.12388 0.0791673 -0.0817491 -0.0902445 -0.0180872 -4.72185 297.172
10780 0.10775 0.115845 0.110772 -0.0724688 -0.0902315 -0.0182057 -4.7217 294.884
10800 0.10795 0.106751 0.0832832 -0.0633356 -0.090377 -0.0182037 -4.72131 291.302
10820 0.10815 0.121114 0.0368821 -0.0398121 -0.0906434 -0.018102 -4.72216 297.795
10840 0.10835 0.130121 -0.0352438 -0.0411989 -0.0909563 -0.0179322 -4.72171 294.589
10860 0.10855 0.122639 -0.0578593 0.0267703 -0.0912183 -0.0177091 -4.72138 292.694
10880 0.10875 0.128839 -0.0425346 0.114345 -0.0913943 -0.017536 -4.72172 296.566
10900 0.10895 0.120567 -0.0405156 0.126837 -0.0915012 -0.0175393 -4.72098 292.45
10920 0.10915 0.131378 -0.0476726 0.118567 -0.0915452 -0.0177473 -4.72093 294.107
10940 0.10935 0.114386 -0.0745059 0.0633015 -0.0915128 -0.0181367 -4.72053 293.324
10960 0.10955 0.0687337 -0.036111 0.00938103 -0.0913791 -0.0186249 -4.72131 301.629
10980 0.10975 0.0628721 -0.010194 -0.0732154 -0.0911903 -0.0191158 -4.7208 299.587
11000 0.10995 0.0911695 -0.00502697 -0.134457 -0.0909861 -0.0194834 -4.72019 296.38
11020 0.11015 0.149736 0.0359589 -0.120853 -0.0907823 -0.0196384 -4.72069 301.71
11040 0.11035 0.221662 0.0900691 -0.0808284 -0.0906373 -0.0195987 -4.72087 304.244
11060 0.11055 0.285088 0.104739 -0.0463961 -0.0906243 -0.0194272 -4.72057 302.745
11080 0.11075 0.336701 0.0991641 0.00829428 -0.0907664 -0.0191852 -4.7207 304.206
11100 0.11095 0.332058 0.0780824 0.08819 -0.0910548 -0.0189648 -4.72113 307.669
11120 0.11115 0.311112 0.00304183 0.0906047 -0.0914483 -0.018878 -4.72064 303.492
11140 0.11135 0.310388 -0.0425733 0.0691043 -0.0918462 -0.0189365 -4.72076 303.647
11160 0.11155 0.284412 -0.08591 0.0593355 -0.0921743 -0.0191088 -4.72115 305.513
11180 0.11175 0.250825 -0.11789 0.0200117 -0.0923697 -0.0193699 -4.72116 303.981
11200 0.11195 0.205151 -0.0887748 -0.0237325 -0.0923946 -0.0196601 -4.72114 301.965
11220 0.11215 0.201827 -0.0459425 -0.0586296 -0.092286 -0.0199082 -4.72111 299.874
11240 0.11235 0.237226 0.0492955 -0.0356562 -0.0921179 -0.0200677 -4.72247 308.814
11260 0.11255 0.235351 0.109175 -0.0384616 -0.0920207 -0.0201625 -4.7222 304.887
11280 0.11275 0.232348 0.101008 -0.0380415 -0.0920795 -0.0201939 -4.72118 295.358
11300 0.11295 0.228957 0.0847378 0.0115279 -0.0922895 -0.0201716 -4.72147 296.703
11320 0.11315 0.2248 0.0471459 0.0145413 -0.0926216 -0.0201602 -4.72153 296.731
11340 0.11335 0.207049 -0.0252049 -0.00647272 -0.0930169 -0.0201693 -4.7212 294.102
11360 0.11355 0.153143 -0.105473 0.000617527 -0.093368 -0.0201719 -4.72064 290.176
11380 0.11375 0.128862 -0.102796 0.0376443 -0.0935697 -0.0201797 -4.72167 299.127
11400 0.11395 0.101857 -0.107034 0.0546286 -0.0936127 -0.0202456 -4.72163 299.933
11420 0.11415 0.113396 -0.0926152 0.0444538 -0.0934965 -0.0203954 -4.72092 295.502
11440 0.11435 0.184756 -0.0129997 0.0262037 -0.0932513 -0.0206161 -4.72116 298.682
11460 0.11455 0.256735 0.0666293 -0.0357117 -0.0929878 -0.0208699 -4.72092 298.163
11480 0.11475 0.29526 0.125843 -0.0697223 -0.0928237 -0.0210683 -4.72032 295.041
11500 0.11495 0.288653 0.157251 -0.0616003 -0.0928475 -0.0211579 -4.72064 299.138
11520 0.11515 0.273245 0.103844 -0.0559061 -0.0930965 -0.0211457 -4.72113 304.327
11540 0.11535 0.26354 -0.012346 -0.0576695 -0.0934915 -0.0210417 -4.7207 301.93
11560 0.11555 0.241415 -0.0911629 -0.040127 -0.0938704 -0.0208467 -4.72015 298.366
11580 0.11575 0.236457 -0.107017 0.028575 -0.0941179 -0.0205957 -4.72066 302.874
11600 0.11595 0.254604 -0.109155 0.0887582 -0.0942041 -0.0203908 -4.7205 302.013
11620 0.11615 0.298073 -0.0912545 0.121858 -0.0941276 -0.0203278 -4.72037 301.184
11640 0.11635 0.356864 -0.0297855 0.128671 -0.0939203 -0.0204601 -4.72103 306.279
11660 0.11655 0.391938 0.0289899 0.109773 -0.093668 -0.0207975 -4.7208 304.047
11680 0.11675 0.386234 0.0931423 0.0650523 -0.0934617 -0.0213088 -4.72081 303.482
11700 0.11695 0.348254 0.129779 -0.0379563 -0.0933932 -0.0219133 -4.72103 304.291
11720 0.11715 0.304271 0.110289 -0.133866 -0.0935132 -0.0224537 -4.72116 304.213
11740 0.11735 0.271825 0.0467725 -0.206787 -0.0937921 -0.0227751 -4.72095 301.385
11760 0.11755 0.256007 0.00514283 -0.200549 -0.0941422 -0.0227696 -4.72112 301.589
11780 0.11775 0.273647 -0.00261974 -0.0971165 -0.0945023 -0.0224534 -4.72192 306.787
11800 0.11795 0.305393 -0.0445251 0.00172626 -0.0948496 -0.0219805 -4.72159 303.193
11820 0.11815 0.334879 -0.059497 0.0859041 -0.0951308 -0.0215123 -4.72111 298.615
11840 0.11835 0.359651 -0.043709 0.160297 -0.0953244 -0.021187 -4.72104 297.57
11860 0.11855 0.356768 -0.0541171 0.166238 -0.0954463 -0.021115 -4.72069 294.761
11880 0.11875 0.357576 -0.058465 0.119221 -0.0954868 -0.0213061 -4.72114 298.471
11900 0.11895 0.333591 -0.0478414 0.0666544 -0.0954412 -0.0216887 -4.72109 298.388
11920 0.11915 0.303045 -0.0319615 0.00410912 -0.0953245 -0.0221742 -4.72056 294.769
11940 0.11935 0.308697 0.0058801 -0.0614904 -0.0951636 -0.0226611 -4.72077 297.17
11960 0.11955 0.308141 0.0631069 -0.123123 -0.0950164 -0.023044 -4.72093 299.454
11980 0.11975 0.293429 0.0805766 -0.167412 -0.0949591 -0.0232249 -4.72047 297.029
12000 0.11995 0.309736 0.0786237 -0.132689 -0.0950215 -0.0231446 -4.72024 296.428
12020 0.12015 0.334142 0.05401 -0.0412159 -0.0951975 -0.0228572 -4.71994 295.62
12040 0.12035 0.363286 0.0409831 0.0673746 -0.0954551 -0.0225087 -4.72075 303.543
12060 0.12055 0.363371 0.0128811 0.122362 -0.0957695 -0.0222644 -4.7205 303.029
12080 0.12075 0.35552 -0.042365 0.124121 -0.0960959 -0.0222133 -4.71988 299.266
12100 0.12095 0.339507 -0.0796123 0.111564 -0.0963584 -0.0223627 -4.72013 302.011
12120 0.12115 0.297781 -0.108134 0.0679429 -0.0964993 -0.0226868 -4.72001 301.722
12140 0.12135 0.266456 -0.0989969 -4.17589e-05 -0.096482 -0.0231143 -4.72029 304.274
12160 0.12155 0.283339 -0.0609219 -0.0841751 -0.0963201 -0.0235342 -4.72077 307.997
12180 0.12175 0.337537 -0.00927805 -0.116997 -0.0960705 -0.0238207 -4.72087 308.263
12200 0.12195 0.382679 0.0291532 -0.0905392 -0.0958075 -0.0239236 -4.72031 302.877
12220 0.12215 0.436758 0.0726675 -0.057041 -0.0955913 -0.0238787 -4.71986 298.291
12240 0.12235 0.493926 0.147734 0.00828624 -0.0954914 -0.0237471 -4.72063 303.516
12260 0.12255 0.496508 0.168307 0.0532287 -0.0956065 -0.0236274 -4.72089 304.741
12280 0.12275 0.472211 0.117227 0.0441601 -0.095964 -0.0235867 -4.72098 304.498
12300 0.12295 0.450239 0.0110154 0.0231834 -0.0964861 -0.023617 -4.72099 303.688
12320 0.12315 0.38179 -0.0882588 0.0201203 -0.0970195 -0.0236865 -4.72064 300.218
12340 0.12335 0.332752 -0.138077 0.0378913 -0.0974211 -0.0237911 -4.72097 302.193
12360 0.12355 0.315387 -0.164674 0.0299786 -0.0976135 -0.0239517 -4.72087 300.91
12380 0.12375 0.327773 -0.143473 -0.00383071 -0.0975638 -0.0241547 -4.72068 298.913
12400 0.12395 0.361951 -0.0756303 -0.0313009 -0.097306 -0.02435 -4.72057 297.79
12420 0.12415 0.403473 0.0215871 -0.0321693 -0.0969425 -0.0244958 -4.72046 296.826
12440 0.12435 0.454999 0.0993254 -0.00744464 -0.0966126 -0.0245916 -4.72041 296.582
12460 0.12455 0.500136 0.150036 0.0117584 -0.0964326 -0.0246729 -4.72069 299.206
12480 0.12475 0.488418 0.153759 0.0150818 -0.0964732 -0.0247699 -4.72054 298.566
12500 0.12495 0.475993 0.108532 0.00465266 -0.0967374 -0.0248882 -4.72067 300.144
12520 0.12515 0.452318 0.0179132 -0.0189076 -0.0971542 -0.0250103 -4.72056 299.99
12540 0.12535 0.404105 -0.0690678 -0.0352387 -0.0975929 -0.0251017 -4.72025 298.353
12560 0.12555 0.385751 -0.136019 -0.0463827 -0.0979243 -0.0251349 -4.72017 298.836
12580 0.12575 0.382331 -0.149317 -0.016286 -0.0980545 -0.0250991 -4.72017 300.133
12600 0.12595 0.396404 -0.0871383 0.0317909 -0.0979706 -0.02504 -4.72001 300.414
12620 0.12615 0.457412 -0.0334352 0.0541615 -0.0977554 -0.025029 -4.71995 301.748
12640 0.12635 0.513124 0.0186013 0.0615993 -0.0974933 -0.0251036 -4.72018 305.454
12660 0.12655 0.53423 0.0638801 0.0536455 -0.0972618 -0.0252747 -4.71967 303.193
12680 0.12675 0.548601 0.0867693 0.0247316 -0.0971255 -0.0255266 -4.71924 301.311
12700 0.12695 0.543975 0.10929 -0.0164406 -0.0971217 -0.0258138 -4.7199 307.784
12720 0.12715 0.507208 0.0933368 -0.0863484 -0.0972757 -0.0260654 -4.71975 307.504
12740 0.12735 0.461091 0.0585455 -0.112619 -0.0975649 -0.0261811 -4.71962 306.689
12760 0.12755 0.425601 0.00797613 -0.0880574 -0.0979353 -0.0261202 -4.71946 305.145
12780 0.12775 0.438422 -0.0544588 -0.0340116 -0.0983107 -0.0259223 -4.7196 305.249
12800 0.12795 0.458506 -0.104804 0.0384177 -0.0986 -0.025675 -4.71975 304.557
12820 0.12815 0.479233 -0.10927 0.10236 -0.0987349 -0.025492 -4.72014 304.699
12840 0.12835 0.508261 -0.0782911 0.133794 -0.0987087 -0.0254727 -4.72039 303.138
12860 0.12855 0.506515 -0.000403633 0.114602 -0.0985722 -0.0256622 -4.72045 300.841
12880 0.12875 0.517482 0.0793806 0.0388959 -0.0984378 -0.0260257 -4.72068 300.99
12900 0.12895 0.521374 0.102266 -0.0349203 -0.0984157 -0.0264464 -4.72067 300.037
12920 0.12915 0.486224 0.0934916 -0.0772101 -0.0985433 -0.0268088 -4.72094 301.534
12940 0.12935 0.452504 0.0336473 -0.108213 -0.0988012 -0.0270421 -4.72093 300.824
12960 0.12955 0.442788 -0.0489558 -0.11503 -0.0991014 -0.0271009 -4.72054 297.293
12980 0.12975 0.445902 -0.0758615 -0.0852135 -0.0993316 -0.0269786 -4.7208 298.885
13000 0.12995 0.443616 -0.077853 -0.0159943 -0.099448 -0.0267268 -4.72057 296.847
13020 0.13015 0.459276 -0.065943 0.0569687 -0.0994475 -0.0264535 -4.72002 292.611
13040 0.13035 0.510339 0.00445078 0.135612 -0.0993573 -0.0262773 -4.72092 300.141
13060 0.13055 0.530434 0.0495618 0.183542 -0.0992717 -0.0263187 -4.72099 301.302
13080 0.13075 0.517673 0.0282225 0.146338 -0.099252 -0.0266428 -4.72021 295.801
13100 0.13095 0.506773 -2.11581e-05 0.0478851 -0.0992743 -0.0271889 -4.72041 298.209
13120 0.13115 0.474003 -0.00520605 -0.0666501 -0.0992988 -0.0277999 -4.72054 300.328
13140 0.13135 0.426403 0.00763667 -0.158907 -0.0993179 -0.0282964 -4.72036 300.2
13160 0.13155 0.43842 0.0046065 -0.224001 -0.0993452 -0.0285306 -4.71993 298.126
13180 0.13175 0.456458 0.00760199 -0.173441 -0.0993796 -0.0284181 -4.71988 299.133
13200 0.13195 0.449354 0.0446748 -0.0385847 -0.0994292 -0.0280408 -4.71972 299.441
13220 0.13215 0.488953 0.0732751 0.0851332 -0.0995438 -0.0276071 -4.71996 302.844
13240 0.13235 0.539448 0.046228 0.143278 -0.0997568 -0.0273084 -4.71936 299.507
13260 0.13255 0.588893 0.0158416 0.15998 -0.100035 -0.027241 -4.71997 305.532
13280 0.13275 0.545196 -0.0423232 0.122551 -0.100327 -0.0274245 -4.72002 306.667
13300 0.13295 0.473645 -0.10085 0.0276287 -0.100551 -0.0277926 -4.71963 303.933
13320 0.13315 0.437227 -0.118436 -0.0648086 -0.100625 -0.0281979 -4.71963 303.837
13340 0.13335 0.4137 -0.084001 -0.111681 -0.100528 -0.0284969 -4.71951 302.52
13360 0.13355 0.440543 -0.0130386 -0.099855 -0.100314 -0.028619 -4.71984 304.385
13380 0.13375 0.499589 0.0540228 -0.0608616 -0.100084 -0.0285817 -4.7198 302.965
13400 0.13395 0.591347 0.105484 -0.00809097 -0.0999366 -0.0284496 -4.72005 303.212
13420 0.13415 0.671812 0.136323 0.0405159 -0.0999466 -0.0283067 -4.72015 301.893
13440 0.13435 0.683337 0.129023 0.060979 -0.100155 -0.0282275 -4.71991 297.733
13460 0.13455 0.667728 0.0693985 0.0738762 -0.100543 -0.028247 -4.72051 300.5
13480 0.13475 0.589049 -0.0298338 0.0496749 -0.101022 -0.0283797 -4.72007 295.685
13500 0.13495 0.523489 -0.131282 -0.00696599 -0.101446 -0.028584 -4.71967 292.097
13520 0.13515 0.53213 -0.171433 -0.0336436 -0.101674 -0.0287777 -4.72066 299.893
13540 0.13535 0.56362 -0.148493 -0.042294 -0.101651 -0.0289152 -4.72061 299.707
13560 0.13555 0.619137 -0.0655928 -0.0248419 -0.101417 -0.0289862 -4.72064 300.136
13580 0.13575 0.658434 0.0253392 -0.00463176 -0.10109 -0.0290156 -4.72058 299.769
13600 0.13595 0.67875 0.121871 0.0257798 -0.100809 -0.0290391 -4.72056 299.824
13620 0.13615 0.707281 0.167175 0.0231518 -0.100708 -0.029099 -4.72048 299.46
13640 0.13635 0.714359 0.106435 -0.0242228 -0.100843 -0.029187 -4.71949 292.062
13660 0.13655 0.710817 0.0359034 -0.00812944 -0.101134 -0.0292449 -4.7197 294.522
13680 0.13675 0.692673 -0.020427 0.00359124 -0.101473 -0.0292875 -4.72013 299.15
13700 0.13695 0.631933 -0.062153 -0.0187729 -0.101776 -0.0293293 -4.71991 298.981
13720 0.13715 0.601823 -0.0660738 0.00248434 -0.101987 -0.0293473 -4.72029 303.44
13740 0.13735 0.597726 -0.0592786 0.0252458 -0.102096 -0.0293686 -4.71992 301.845
13760 0.13755 0.595638 -0.0446379 0.0382314 -0.102116 -0.0294284 -4.7193 298.208
13780 0.13775 0.607249 -0.00873734 0.0462761 -0.102074 -0.0295485 -4.71949 300.819
13800 0.13795 0.612099 -0.00702577 0.0224492 -0.102013 -0.0297352 -4.71926 300.176
13820 0.13815 0.611825 -0.00369491 0.00890243 -0.101943 -0.0299571 -4.71953 303.37
13840 0.13835 0.620618 0.0214753 -0.0102478 -0.101872 -0.0301879 -4.71954 304.246
13860 0.13855 0.628763 0.0524037 -0.0305475 -0.101836 -0.0303989 -4.71961 305.303
13880 0.13875 0.611089 0.035369 -0.0699373 -0.10187 -0.0305538 -4.71862 297.791
13900 0.13895 0.61866 0.017733 -0.0738209 -0.101957 -0.0305992 -4.71891 300.232
13920 0.13915 0.658217 0.0321184 -0.0344831 -0.102073 -0.0305318 -4.72033 311.402
13940 0.13935 0.676793 0.0343521 -0.00730984 -0.102234 -0.0304074 -4.71989 307.247
13960 0.13955 0.688258 -0.000182887 0.0224119 -0.102438 -0.0302735 -4.71887 297.404
13980 0.13975 0.709825 -0.0135118 0.0673041 -0.102642 -0.0301798 -4.71956 299.975
14000 0.13995 0.727251 -0.0322409 0.0889053 -0.102823 -0.030192 -4.7202 301.855
14020 0.14015 0.704977 -0.0512561 0.063661 -0.102953 -0.0303404 -4.7196 294.606
14040 0.14035 0.663289 -0.0262527 0.0300106 -0.103011 -0.0305878 -4.71969 293.862
14060 0.14055 0.636911 0.00073235 0.0195813 -0.10303 -0.0308848 -4.72039 298.679
14080 0.14075 0.627969 -0.0093178 -0.027217 -0.103043 -0.0312035 -4.7199 294.599
14100 0.14095 0.643857 -0.0126723 -0.0788206 -0.103045 -0.0314738 -4.71995 295.202
14120 0.14115 0.664598 0.0172775 -0.0673435 -0.103031 -0.0316237 -4.72111 304.65
14140 0.14135 0.634265 0.0687392 -0.0376078 -0.103046 -0.0316665 -4.72088 303.013
14160 0.14155 0.644571 0.060336 -0.0413243 -0.103155 -0.0316427 -4.72011 297.044
14180 0.14175 0.667153 0.00687662 -0.0362589 -0.103348 -0.0315541 -4.71998 296.187
14200 0.14195 0.650974 -0.0298893 -0.0085321 -0.103551 -0.0314108 -4.71969 294.451
14220 0.14215 0.651897 -0.0353917 0.0462991 -0.103712 -0.0312593 -4.71996 297.449
14240 0.14235 0.692649 -0.0474895 0.0650404 -0.103817 -0.0311776 -4.71974 297.025
14260 0.14255 0.739835 -0.0363747 0.0756428 -0.103855 -0.0312005 -4.7198 299.089
14280 0.14275 0.712402 -0.0131869 0.0895714 -0.103839 -0.0313458 -4.7198 300.91
14300 0.14295 0.666615 -0.000916273 0.0619427 -0.103802 -0.0316287 -4.71943 299.708
14320 0.14315 0.669371 0.0116158 -0.0088114 -0.103764 -0.0320035 -4.71978 304.099
14340 0.14335 0.652883 -0.0047352 -0.0785953 -0.10374 -0.0323622 -4.71945 302.849
14360 0.14355 0.632107 -0.00819128 -0.105854 -0.10371 -0.0325981 -4.7188 298.792
14380 0.14375 0.621044 0.0244677 -0.0805071 -0.103673 -0.0326696 -4.71883 299.955
14400 0.14395 0.647648 0.0504536 -0.0314274 -0.103671 -0.0326146 -4.71949 305.861
14420 0.14415 0.651201 0.066661 -0.017202 -0.103743 -0.0325033 -4.71891 301.731
14440 0.14435 0.658369 0.0722395 -0.0107216 -0.103914 -0.032363 -4.71857 299.264
14460 0.14455 0.698979 0.0335073 0.0358475 -0.104186 -0.032212 -4.71909 303.493
14480 0.14475 0.711229 -0.0339573 0.0695378 -0.104504 -0.032117 -4.71903 303.013
14500 0.14495 0.685611 -0.0784022 0.0655169 -0.104774 -0.0321289 -4.71905 302.937
14520 0.14515 0.663854 -0.0586205 0.0523533 -0.104935 -0.0322453 -4.71924 303.917
14540 0.14535 0.665589 -0.0405724 0.0474017 -0.105007 -0.0324478 -4.71929 303.375
14560 0.14555 0.661321 -0.0462335 0.0141889 -0.105015 -0.0327223 -4.71905 300.4
14580 0.14575 0.676143 -0.0301691 -0.0303379 -0.104958 -0.0330183 -4.7194 301.713
14600 0.14595 0.680087 -0.00480513 -0.0607717 -0.104856 -0.0332672 -4.71959 301.487
14620 0.14615 0.661498 0.0222023 -0.0578493 -0.104747 -0.0334232 -4.71943 298.28
14640 0.14635 0.678685 0.0732377 -0.0382266 -0.104674 -0.0334887 -4.71952 297.085
14660 0.14655 0.716726 0.089456 -0.0305406 -0.104705 -0.0334893 -4.71926 293.536
14680 0.14675 0.757063 0.0897302 0.023744 -0.104869 -0.0334487 -4.71998 298.317
14700 0.14695 0.767939 0.0639279 0.040335 -0.105166 -0.0334407 -4.72022 299.838
14720 0.14715 0.752296 -0.0321903 -0.0130672 -0.105548 -0.0334863 -4.71956 294.623
14740 0.14735 0.725917 -0.0965309 -0.00954842 -0.10589 -0.033521 -4.72011 299.219
14760 0.14755 0.691002 -0.117292 0.0104057 -0.106094 -0.0335417 -4.71981 297.233
14780 0.14775 0.70083 -0.110518 0.0180826 -0.106128 -0.0335775 -4.7193 293.721
14800 0.14795 0.762855 -0.0692463 0.0145516 -0.106 -0.0336412 -4.7195 296.146
14820 0.14815 0.837709 -0.0223812 0.00712038 -0.105768 -0.033728 -4.71953 297.526
14840 0.14835 0.869182 0.0453196 0.0140646 -0.105503 -0.0338298 -4.71956 299.109
14860 0.14855 0.846144 0.105489 -0.00216379 -0.105303 -0.0339509 -4.71872 294.006
14880 0.14875 0.85332 0.134201 -0.00658836 -0.105255 -0.0340716 -4.71906 298.366
14900 0.14895 0.823181 0.113157 0.00142067 -0.105401 -0.0341847 -4.71934 302.378
14920 0.14915 0.762526 0.0514145 -0.000984874 -0.105714 -0.0342998 -4.71899 301.149
14940 0.14935 0.714714 -0.0249659 -0.0165887 -0.106107 -0.0344126 -4.71868 300.078
14960 0.14955 0.656834 -0.10102 -0.0386858 -0.106466 -0.0344986 -4.71822 297.785
14980 0.14975 0.671932 -0.116126 -0.0392994 -0.106686 -0.0345262 -4.71889 304.221
15000 0.14995 0.6899 -0.0932892 -0.0236816 -0.106739 -0.0344924 -4.71924 307.918
